date	ouv	haut	bas	clot	vol	devise	
11/04/2018 00:00	0.957	0.961	0.956	0.958	0		
12/04/2018 00:00	0.958	0.965	0.957	0.963	0		
13/04/2018 00:00	0.963	0.964	0.96	0.962	0		
16/04/2018 00:00	0.963	0.964	0.958	0.96	0		
17/04/2018 00:00	0.96	0.968	0.958	0.966	0		
18/04/2018 00:00	0.966	0.97	0.965	0.969	0		
19/04/2018 00:00	0.969	0.973	0.967	0.971	0		
20/04/2018 00:00	0.971	0.976	0.971	0.974	0		
23/04/2018 00:00	0.975	0.979	0.975	0.978	0		
24/04/2018 00:00	0.978	0.981	0.977	0.979	0		
25/04/2018 00:00	0.979	0.985	0.979	0.984	0		
26/04/2018 00:00	0.984	0.99	0.982	0.989	0		
27/04/2018 00:00	0.99	0.992	0.987	0.988	0		
30/04/2018 00:00	0.988	0.992	0.987	0.991	0		
01/05/2018 00:00	0.991	0.997	0.99	0.997	0		
02/05/2018 00:00	0.997	1	0.994	0.998	0		
03/05/2018 00:00	0.998	1	0.996	0.998	0		
04/05/2018 00:00	0.998	1.002	0.997	1	0		
07/05/2018 00:00	1	1.006	0.998	1.003	0		
08/05/2018 00:00	1.003	1.005	1	1.002	0		
09/05/2018 00:00	1.002	1.006	1	1.005	0		
10/05/2018 00:00	1.005	1.006	0.999	1.003	0		
11/05/2018 00:00	1.003	1.007	0.998	1	0		
14/05/2018 00:00	1	1.002	0.996	1.001	0		
15/05/2018 00:00	1	1.004	0.998	1.001	0		
16/05/2018 00:00	1.001	1.002	0.998	1.001	0		
17/05/2018 00:00	1.001	1.003	0.999	1.001	0		
18/05/2018 00:00	1.001	1.002	0.995	0.998	0		
21/05/2018 00:00	0.998	1	0.997	0.997	0		
22/05/2018 00:00	0.997	0.999	0.992	0.993	0		
23/05/2018 00:00	0.993	0.998	0.989	0.995	0		
24/05/2018 00:00	0.995	0.995	0.989	0.991	0		
25/05/2018 00:00	0.991	0.994	0.989	0.99	0		
28/05/2018 00:00	0.992	0.996	0.991	0.994	0		
29/05/2018 00:00	0.994	0.998	0.985	0.991	0		
30/05/2018 00:00	0.991	0.994	0.988	0.99	0		
31/05/2018 00:00	0.989	0.99	0.983	0.986	0		
01/06/2018 00:00	0.986	0.991	0.984	0.988	0		
04/06/2018 00:00	0.988	0.99	0.983	0.988	0		
05/06/2018 00:00	0.988	0.989	0.983	0.984	0		
06/06/2018 00:00	0.984	0.989	0.984	0.986	0		
07/06/2018 00:00	0.986	0.987	0.979	0.98	0		
08/06/2018 00:00	0.98	0.989	0.979	0.986	0		
11/06/2018 00:00	0.985	0.988	0.984	0.985	0		
12/06/2018 00:00	0.986	0.988	0.983	0.987	0		
13/06/2018 00:00	0.987	0.99	0.984	0.985	0		
14/06/2018 00:00	0.985	0.997	0.983	0.997	0		
15/06/2018 00:00	0.997	0.999	0.995	0.996	0		
18/06/2018 00:00	0.997	0.999	0.994	0.995	0		
19/06/2018 00:00	0.996	0.998	0.992	0.994	0		
20/06/2018 00:00	0.994	0.998	0.994	0.996	0		
21/06/2018 00:00	0.996	0.999	0.99	0.991	0		
22/06/2018 00:00	0.991	0.992	0.987	0.988	0		
25/06/2018 00:00	0.988	0.989	0.986	0.987	0		
26/06/2018 00:00	0.987	0.992	0.986	0.991	0		
27/06/2018 00:00	0.991	0.998	0.989	0.997	0		
28/06/2018 00:00	0.997	0.999	0.995	0.998	0		
29/06/2018 00:00	0.998	0.998	0.989	0.99	0		
02/07/2018 00:00	0.991	0.997	0.99	0.994	0		
03/07/2018 00:00	0.994	0.995	0.991	0.992	0		
04/07/2018 00:00	0.992	0.994	0.991	0.993	0		
05/07/2018 00:00	0.993	0.995	0.991	0.993	0		
06/07/2018 00:00	0.993	0.995	0.988	0.99	0		
09/07/2018 00:00	0.99	0.993	0.986	0.992	0		
10/07/2018 00:00	0.992	0.996	0.991	0.992	0		
11/07/2018 00:00	0.992	0.997	0.991	0.996	0		
12/07/2018 00:00	0.996	1.003	0.995	1.002	0		
13/07/2018 00:00	1.003	1.007	1.001	1.002	0		
16/07/2018 00:00	1.003	1.003	0.996	0.997	0		
17/07/2018 00:00	0.997	1.001	0.993	1	0		
18/07/2018 00:00	1	1.004	0.998	0.999	0		
19/07/2018 00:00	0.999	1.004	0.996	0.999	0		
20/07/2018 00:00	0.999	1.001	0.991	0.993	0		
23/07/2018 00:00	0.993	0.995	0.99	0.993	0		
24/07/2018 00:00	0.992	0.996	0.991	0.994	0		
25/07/2018 00:00	0.994	0.995	0.991	0.992	0		
26/07/2018 00:00	0.992	0.995	0.99	0.994	0		
27/07/2018 00:00	0.994	0.998	0.993	0.995	0		
30/07/2018 00:00	0.995	0.996	0.988	0.988	0		
31/07/2018 00:00	0.988	0.991	0.987	0.99	0		
01/08/2018 00:00	0.99	0.994	0.99	0.992	0		
02/08/2018 00:00	0.992	0.996	0.992	0.995	0		
03/08/2018 00:00	0.996	0.997	0.992	0.995	0		
06/08/2018 00:00	0.994	0.999	0.993	0.996	0		
07/08/2018 00:00	0.997	0.997	0.993	0.996	0		
08/08/2018 00:00	0.996	0.997	0.992	0.993	0		
09/08/2018 00:00	0.993	0.995	0.989	0.994	0		
10/08/2018 00:00	0.994	0.998	0.992	0.995	0		
13/08/2018 00:00	0.994	0.995	0.992	0.993	0		
14/08/2018 00:00	0.993	0.995	0.99	0.994	0		
15/08/2018 00:00	0.994	0.998	0.993	0.993	0		
16/08/2018 00:00	0.993	0.998	0.992	0.997	0		
17/08/2018 00:00	0.997	0.998	0.993	0.996	0		
20/08/2018 00:00	0.995	0.997	0.991	0.991	0		
21/08/2018 00:00	0.991	0.991	0.984	0.985	0		
22/08/2018 00:00	0.985	0.986	0.981	0.983	0		
23/08/2018 00:00	0.983	0.987	0.982	0.986	0		
24/08/2018 00:00	0.986	0.987	0.981	0.983	0		
27/08/2018 00:00	0.983	0.985	0.979	0.98	0		
28/08/2018 00:00	0.98	0.981	0.974	0.976	0		
29/08/2018 00:00	0.976	0.978	0.97	0.971	0		
30/08/2018 00:00	0.971	0.972	0.968	0.969	0		
31/08/2018 00:00	0.969	0.97	0.965	0.969	0		
03/09/2018 00:00	0.97	0.971	0.968	0.97	0		
04/09/2018 00:00	0.97	0.977	0.969	0.974	0		
05/09/2018 00:00	0.974	0.975	0.971	0.971	0		
06/09/2018 00:00	0.972	0.972	0.965	0.966	0		
07/09/2018 00:00	0.965	0.97	0.964	0.969	0		
10/09/2018 00:00	0.969	0.976	0.969	0.975	0		
11/09/2018 00:00	0.975	0.976	0.972	0.973	0		
12/09/2018 00:00	0.973	0.975	0.97	0.97	0		
13/09/2018 00:00	0.97	0.971	0.965	0.967	0		
14/09/2018 00:00	0.966	0.974	0.964	0.968	0		
17/09/2018 00:00	0.968	0.968	0.961	0.963	0		
18/09/2018 00:00	0.962	0.966	0.96	0.964	0		
19/09/2018 00:00	0.964	0.97	0.963	0.967	0		
20/09/2018 00:00	0.968	0.969	0.958	0.959	0		
21/09/2018 00:00	0.959	0.959	0.954	0.959	0		
24/09/2018 00:00	0.959	0.966	0.958	0.965	0		
25/09/2018 00:00	0.965	0.967	0.964	0.965	0		
26/09/2018 00:00	0.965	0.97	0.962	0.965	0		
27/09/2018 00:00	0.965	0.978	0.965	0.977	0		
28/09/2018 00:00	0.977	0.982	0.974	0.982	0		
01/10/2018 00:00	0.98	0.986	0.98	0.984	0		
02/10/2018 00:00	0.983	0.986	0.982	0.984	0		
03/10/2018 00:00	0.984	0.993	0.983	0.991	0		
04/10/2018 00:00	0.99	0.993	0.989	0.992	0		
05/10/2018 00:00	0.992	0.996	0.991	0.992	0		
08/10/2018 00:00	0.992	0.995	0.991	0.992	0		
09/10/2018 00:00	0.993	0.996	0.991	0.992	0		
10/10/2018 00:00	0.992	0.994	0.989	0.989	0		
11/10/2018 00:00	0.989	0.992	0.986	0.99	0		
12/10/2018 00:00	0.99	0.994	0.988	0.992	0		
15/10/2018 00:00	0.992	0.992	0.985	0.987	0		
16/10/2018 00:00	0.987	0.991	0.986	0.991	0		
17/10/2018 00:00	0.987	0.996	0.99	0.995	0		
18/10/2018 00:00	0.995	0.998	0.992	0.995	0		
19/10/2018 00:00	0.995	0.998	0.995	0.996	0		
22/10/2018 00:00	0.996	0.998	0.994	0.996	0		
23/10/2018 00:00	0.996	0.997	0.994	0.995	0		
24/10/2018 00:00	0.996	0.999	0.994	0.997	0		
25/10/2018 00:00	0.997	1.002	0.996	0.999	0		
26/10/2018 00:00	1	1.003	0.996	0.997	0		
29/10/2018 00:00	0.997	1.003	0.997	1.002	0		
30/10/2018 00:00	1.002	1.006	1.001	1.005	0		
31/10/2018 00:00	1.005	1.01	1.003	1.008	0		
01/11/2018 00:00	1.008	1.009	1	1.002	0		
02/11/2018 00:00	1.008	1.005	0.997	1.003	0		
05/11/2018 00:00	1.003	1.007	1.002	1.004	0		
06/11/2018 00:00	1.005	1.006	1.002	1.003	0		
07/11/2018 00:00	1.003	1.004	0.995	1.002	0		
08/11/2018 00:00	1.002	1.007	1.001	1.006	0		
09/11/2018 00:00	1.006	1.009	1.004	1.006	0		
12/11/2018 00:00	1.006	1.011	1.004	1.011	0		
13/11/2018 00:00	1.011	1.013	1.007	1.007	0		
14/11/2018 00:00	1.007	1.011	1.004	1.007	0		
15/11/2018 00:00	1.007	1.008	1.004	1.007	0		
16/11/2018 00:00	1.007	1.009	0.999	1	0		
19/11/2018 00:00	1	1.001	0.992	0.993	0		
20/11/2018 00:00	0.994	0.996	0.991	0.995	0		
21/11/2018 00:00	0.995	0.996	0.993	0.994	0		
22/11/2018 00:00	0.994	0.996	0.992	0.994	0		
23/11/2018 00:00	0.994	0.998	0.976	0.997	0		
26/11/2018 00:00	0.997	0.999	0.995	0.998	0		
27/11/2018 00:00	0.998	1	0.998	0.999	0		
28/11/2018 00:00	0.999	1.001	0.993	0.994	0		
29/11/2018 00:00	0.994	0.998	0.992	0.996	0		
30/11/2018 00:00	0.996	1.001	0.995	0.998	0		
03/12/2018 00:00	0.999	1	0.996	0.998	0		
04/12/2018 00:00	0.998	0.999	0.993	0.998	0		
05/12/2018 00:00	0.998	1.001	0.996	0.997	0		
06/12/2018 00:00	0.998	0.999	0.989	0.993	0		
07/12/2018 00:00	0.993	0.994	0.989	0.99	0		
10/12/2018 00:00	0.99	0.991	0.987	0.99	0		
11/12/2018 00:00	0.99	0.994	0.986	0.993	0		
12/12/2018 00:00	0.993	0.997	0.991	0.993	0		
13/12/2018 00:00	0.993	0.996	0.991	0.994	0		
14/12/2018 00:00	0.994	0.999	0.993	0.998	0		
17/12/2018 00:00	0.998	0.998	0.992	0.993	0		
18/12/2018 00:00	0.993	0.995	0.99	0.992	0		
19/12/2018 00:00	0.993	0.996	0.991	0.994	0		
20/12/2018 00:00	0.994	0.995	0.984	0.987	0		
21/12/2018 00:00	0.987	0.996	0.971	0.99	0		
24/12/2018 00:00	0.994	0.995	0.985	0.987	0		
27/12/2018 00:00	0.986	0.988	0.984	0.988	0		
28/12/2018 00:00	0.988	0.988	0.979	0.984	0		
31/12/2018 00:00	0.984	0.988	0.983	0.983	0		
02/01/2019 00:00	0.983	0.993	0.982	0.989	0		
03/01/2019 00:00	0.989	0.99	0.985	0.987	0		
04/01/2019 00:00	0.987	0.991	0.985	0.987	0		
07/01/2019 00:00	0.986	0.988	0.979	0.98	0		
08/01/2019 00:00	0.98	0.984	0.979	0.982	0		
09/01/2019 00:00	0.982	0.982	0.973	0.974	0		
10/01/2019 00:00	0.974	0.985	0.972	0.984	0		
11/01/2019 00:00	0.984	0.986	0.981	0.984	0		
14/01/2019 00:00	0.984	0.985	0.98	0.981	0		
15/01/2019 00:00	0.981	0.99	0.98	0.988	0		
16/01/2019 00:00	0.988	0.991	0.987	0.99	0		
17/01/2019 00:00	0.988	0.996	0.987	0.994	0		
18/01/2019 00:00	0.988	0.997	0.993	0.996	0		
21/01/2019 00:00	0.995	0.999	0.995	0.997	0		
22/01/2019 00:00	0.998	0.999	0.996	0.997	0		
23/01/2019 00:00	0.997	0.999	0.994	0.995	0		
24/01/2019 00:00	0.995	0.998	0.993	0.996	0		
25/01/2019 00:00	0.996	0.998	0.992	0.992	0		
28/01/2019 00:00	0.993	0.993	0.99	0.992	0		
29/01/2019 00:00	0.992	0.996	0.991	0.995	0		
30/01/2019 00:00	0.995	1	0.993	0.994	0		
31/01/2019 00:00	0.994	0.995	0.991	0.994	0		
01/02/2019 00:00	0.994	0.998	0.992	0.995	0		
04/02/2019 00:00	0.995	1	0.994	0.998	0		
05/02/2019 00:00	0.998	1.002	0.998	1	0		
06/02/2019 00:00	1	1.003	0.999	1.002	0		
07/02/2019 00:00	1.002	1.003	1	1.002	0		
08/02/2019 00:00	1.002	1.003	0.999	1	0		
11/02/2019 00:00	0.999	1.005	0.999	1.004	0		
12/02/2019 00:00	1.004	1.009	1.004	1.006	0		
13/02/2019 00:00	1.006	1.01	1.004	1.009	0		
14/02/2019 00:00	1.009	1.01	1.004	1.005	0		
15/02/2019 00:00	1.005	1.009	1.004	1.005	0		
18/02/2019 00:00	1.004	1.006	1.002	1.005	0		
19/02/2019 00:00	1.005	1.006	1	1.002	0		
20/02/2019 00:00	1.001	1.002	0.998	1.001	0		
21/02/2019 00:00	1	1.003	0.999	1.001	0		
22/02/2019 00:00	1.001	1.003	0.999	1.001	0		
25/02/2019 00:00	1	1.001	0.998	1	0		
26/02/2019 00:00	1	1.002	0.999	1	0		
27/02/2019 00:00	1	1.002	0.996	1.001	0		
28/02/2019 00:00	1.001	1.001	0.993	0.998	0		
01/03/2019 00:00	0.998	1.001	0.996	0.999	0		
04/03/2019 00:00	0.998	1.002	0.998	0.999	0		
05/03/2019 00:00	0.999	1.006	0.998	1.005	0		
06/03/2019 00:00	1.004	1.006	1.003	1.005	0		
07/03/2019 00:00	1.005	1.013	1.004	1.011	0		
08/03/2019 00:00	1.011	1.012	1.007	1.008	0		
11/03/2019 00:00	1.008	1.012	1.007	1.01	0		
12/03/2019 00:00	1.01	1.011	1.006	1.007	0		
13/03/2019 00:00	1.007	1.009	1.003	1.003	0		
14/03/2019 00:00	1.003	1.005	1.003	1.004	0		
15/03/2019 00:00	1.004	1.005	1.001	1.002	0		
18/03/2019 00:00	1.004	1.005	1	1.002	0		
19/03/2019 00:00	1.001	1.002	0.998	0.999	0		
20/03/2019 00:00	0.999	1.001	0.989	0.991	0		
21/03/2019 00:00	0.991	0.995	0.99	0.992	0		
22/03/2019 00:00	0.992	0.997	0.991	0.994	0		
25/03/2019 00:00	0.994	0.995	0.991	0.992	0		
26/03/2019 00:00	0.992	0.995	0.992	0.994	0		
27/03/2019 00:00	0.994	0.997	0.991	0.995	0		
28/03/2019 00:00	0.994	0.997	0.994	0.995	0		
29/03/2019 00:00	0.995	0.998	0.994	0.995	0		
01/04/2019 00:00	0.995	1	0.993	0.999	0		
02/04/2019 00:00	0.999	1	0.997	0.998	0		
03/04/2019 00:00	0.998	0.999	0.995	0.998	0		
04/04/2019 00:00	0.997	1.001	0.997	1	0		
05/04/2019 00:00	1	1.001	0.999	1	0		
08/04/2019 00:00	1	1	0.998	0.999	0		
09/04/2019 00:00	0.999	1.001	0.998	1	0		
10/04/2019 00:00	1	1.003	0.999	1.002	0		
11/04/2019 00:00	1.002	1.005	1.001	1.003	0		
12/04/2019 00:00	1.003	1.004	0.991	1.002	0		
15/04/2019 00:00	1.002	1.005	1.001	1.004	0		
16/04/2019 00:00	1.004	1.008	1.003	1.007	0		
17/04/2019 00:00	1.008	1.011	1.007	1.011	0		
18/04/2019 00:00	1.011	1.016	1.009	1.015	0		
23/04/2019 00:00	1.015	1.023	1.014	1.02	0		
24/04/2019 00:00	1.02	1.022	1.017	1.021	0		
25/04/2019 00:00	1.02	1.023	1.019	1.02	0		
26/04/2019 00:00	1.02	1.024	1.018	1.02	0		
29/04/2019 00:00	1.019	1.022	1.018	1.019	0		
30/04/2019 00:00	1.019	1.021	1.017	1.019	0		
01/05/2019 00:00	1.019	1.02	1.013	1.018	0		
02/05/2019 00:00	1.018	1.021	1.017	1.019	0		
03/05/2019 00:00	1.019	1.022	1.016	1.017	0		
06/05/2019 00:00	1.017	1.02	1.015	1.018	0		
07/05/2019 00:00	1.018	1.023	1.016	1.019	0		
08/05/2019 00:00	1.019	1.021	1.017	1.021	0		
09/05/2019 00:00	1.021	1.021	1.012	1.015	0		
10/05/2019 00:00	1.015	1.016	1.01	1.012	0		
13/05/2019 00:00	1.011	1.012	1.005	1.006	0		
14/05/2019 00:00	1.006	1.01	1.005	1.008	0		
15/05/2019 00:00	1.008	1.01	1.006	1.008	0		
16/05/2019 00:00	1.008	1.011	1.007	1.01	0		
17/05/2019 00:00	1.01	1.012	1.009	1.011	0		
20/05/2019 00:00	1.011	1.012	1.008	1.008	0		
21/05/2019 00:00	1.009	1.012	1.008	1.011	0		
22/05/2019 00:00	1.011	1.012	1.007	1.009	0		
23/05/2019 00:00	1.009	1.01	1.002	1.003	0		
24/05/2019 00:00	1.003	1.004	1.001	1.003	0		
27/05/2019 00:00	1.003	1.006	1.001	1.004	0		
28/05/2019 00:00	1.004	1.01	1.003	1.007	0		
29/05/2019 00:00	1.007	1.009	1.005	1.008	0		
30/05/2019 00:00	1.007	1.01	1.007	1.008	0		
31/05/2019 00:00	1.008	1.008	1	1	0		
03/06/2019 00:00	1.001	1.002	0.991	0.992	0		
04/06/2019 00:00	0.992	0.996	0.99	0.992	0		
05/06/2019 00:00	0.992	0.996	0.985	0.995	0		
06/06/2019 00:00	0.995	0.996	0.988	0.991	0		
07/06/2019 00:00	0.991	0.995	0.985	0.988	0		
10/06/2019 00:00	0.989	0.992	0.988	0.99	0		
11/06/2019 00:00	0.99	0.994	0.989	0.992	0		
12/06/2019 00:00	0.993	0.996	0.99	0.995	0		
13/06/2019 00:00	0.995	0.996	0.992	0.994	0		
14/06/2019 00:00	0.994	1	0.993	0.999	0		
17/06/2019 00:00	0.998	1	0.997	0.999	0		
18/06/2019 00:00	0.999	1.001	0.997	1	0		
19/06/2019 00:00	1	1.002	0.992	0.993	0		
20/06/2019 00:00	0.993	0.994	0.979	0.981	0		
21/06/2019 00:00	0.981	0.984	0.975	0.976	0		
24/06/2019 00:00	0.976	0.978	0.971	0.972	0		
25/06/2019 00:00	0.972	0.978	0.969	0.975	0		
26/06/2019 00:00	0.975	0.979	0.974	0.978	0		
27/06/2019 00:00	0.978	0.982	0.976	0.976	0		
28/06/2019 00:00	0.978	0.978	0.974	0.977	0		
01/07/2019 00:00	0.978	0.989	0.978	0.988	0		
02/07/2019 00:00	0.987	0.989	0.984	0.986	0		
03/07/2019 00:00	0.986	0.987	0.983	0.986	0		
04/07/2019 00:00	0.986	0.987	0.984	0.984	0		
05/07/2019 00:00	0.985	0.993	0.984	0.992	0		
08/07/2019 00:00	0.992	0.995	0.99	0.994	0		
09/07/2019 00:00	0.994	0.995	0.992	0.993	0		
10/07/2019 00:00	0.993	0.994	0.989	0.989	0		
11/07/2019 00:00	0.99	0.991	0.985	0.99	0		
12/07/2019 00:00	0.99	0.991	0.984	0.984	0		
15/07/2019 00:00	0.985	0.986	0.982	0.984	0		
16/07/2019 00:00	0.984	0.99	0.984	0.988	0		
17/07/2019 00:00	0.988	0.991	0.986	0.987	0		
18/07/2019 00:00	0.987	0.989	0.981	0.981	0		
19/07/2019 00:00	0.981	0.985	0.981	0.982	0		
22/07/2019 00:00	0.982	0.984	0.98	0.982	0		
23/07/2019 00:00	0.982	0.986	0.982	0.985	0		
24/07/2019 00:00	0.985	0.988	0.984	0.985	0		
25/07/2019 00:00	0.984	0.992	0.984	0.991	0		
26/07/2019 00:00	0.991	0.995	0.99	0.991	0		
29/07/2019 00:00	0.993	0.994	0.991	0.992	0		
30/07/2019 00:00	0.992	0.992	0.989	0.99	0		
31/07/2019 00:00	0.99	0.995	0.988	0.994	0		
01/08/2019 00:00	0.994	0.998	0.989	0.99	0		
02/08/2019 00:00	0.99	0.992	0.981	0.982	0		
05/08/2019 00:00	0.983	0.983	0.972	0.973	0		
06/08/2019 00:00	0.973	0.979	0.97	0.976	0		
07/08/2019 00:00	0.976	0.98	0.969	0.975	0		
08/08/2019 00:00	0.975	0.979	0.973	0.974	0		
09/08/2019 00:00	0.974	0.976	0.971	0.972	0		
12/08/2019 00:00	0.973	0.975	0.968	0.969	0		
13/08/2019 00:00	0.969	0.977	0.966	0.976	0		
14/08/2019 00:00	0.976	0.977	0.971	0.973	0		
15/08/2019 00:00	0.973	0.978	0.972	0.977	0		
16/08/2019 00:00	0.977	0.981	0.976	0.979	0		
19/08/2019 00:00	0.978	0.982	0.977	0.982	0		
20/08/2019 00:00	0.981	0.982	0.977	0.978	0		
21/08/2019 00:00	0.978	0.983	0.978	0.982	0		
22/08/2019 00:00	0.982	0.985	0.981	0.984	0		
23/08/2019 00:00	0.984	0.988	0.97	0.975	0		
26/08/2019 00:00	0.973	0.982	0.971	0.979	0		
27/08/2019 00:00	0.979	0.984	0.978	0.981	0		
28/08/2019 00:00	0.982	0.983	0.98	0.981	0		
29/08/2019 00:00	0.981	0.988	0.98	0.986	0		
30/08/2019 00:00	0.987	0.992	0.986	0.99	0		
02/09/2019 00:00	0.99	0.992	0.989	0.991	0		
03/09/2019 00:00	0.99	0.993	0.986	0.987	0		
04/09/2019 00:00	0.987	0.988	0.98	0.981	0		
05/09/2019 00:00	0.981	0.987	0.98	0.986	0		
06/09/2019 00:00	0.981	0.992	0.98	0.988	0		
09/09/2019 00:00	0.988	0.993	0.987	0.992	0		
10/09/2019 00:00	0.992	0.993	0.989	0.992	0		
11/09/2019 00:00	0.992	0.994	0.991	0.993	0		
12/09/2019 00:00	0.993	0.995	0.988	0.99	0		
13/09/2019 00:00	0.99	0.992	0.985	0.99	0		
16/09/2019 00:00	0.988	0.994	0.986	0.993	0		
17/09/2019 00:00	0.993	0.997	0.991	0.993	0		
18/09/2019 00:00	0.993	0.998	0.993	0.997	0		
19/09/2019 00:00	0.997	0.998	0.99	0.993	0		
20/09/2019 00:00	0.997	0.994	0.973	0.991	0		
23/09/2019 00:00	0.991	0.992	0.989	0.99	0		
24/09/2019 00:00	0.989	0.992	0.984	0.986	0		
25/09/2019 00:00	0.986	0.993	0.985	0.992	0		
26/09/2019 00:00	0.992	0.995	0.991	0.994	0		
27/09/2019 00:00	0.994	0.995	0.99	0.991	0		
30/09/2019 00:00	0.991	0.999	0.99	0.998	0		
01/10/2019 00:00	0.998	1.002	0.992	0.993	0		
02/10/2019 00:00	0.993	1.003	0.992	0.997	0		
03/10/2019 00:00	0.997	1.003	0.995	0.999	0		
04/10/2019 00:00	0.999	1.001	0.993	0.996	0		
07/10/2019 00:00	0.995	0.997	0.993	0.995	0		
08/10/2019 00:00	0.995	0.996	0.99	0.993	0		
09/10/2019 00:00	0.993	0.996	0.992	0.996	0		
10/10/2019 00:00	0.996	0.997	0.991	0.996	0		
11/10/2019 00:00	0.996	0.999	0.995	0.997	0		
14/10/2019 00:00	0.998	0.998	0.994	0.997	0		
15/10/2019 00:00	0.997	1	0.996	0.999	0		
16/10/2019 00:00	0.999	0.999	0.994	0.995	0		
17/10/2019 00:00	0.995	0.996	0.984	0.987	0		
18/10/2019 00:00	0.988	0.989	0.982	0.984	0		
21/10/2019 00:00	0.985	0.988	0.984	0.986	0		
22/10/2019 00:00	0.986	0.99	0.986	0.989	0		
23/10/2019 00:00	0.99	0.992	0.989	0.99	0		
24/10/2019 00:00	0.991	0.993	0.989	0.992	0		
25/10/2019 00:00	0.992	0.996	0.991	0.995	0		
28/10/2019 00:00	0.995	0.997	0.993	0.995	0		
29/10/2019 00:00	0.995	0.997	0.993	0.994	0		
30/10/2019 00:00	0.994	0.995	0.989	0.989	0		
31/10/2019 00:00	0.989	0.99	0.986	0.987	0		
01/11/2019 00:00	0.987	0.989	0.984	0.987	0		
04/11/2019 00:00	0.986	0.989	0.985	0.988	0		
05/11/2019 00:00	0.988	0.994	0.988	0.993	0		
06/11/2019 00:00	0.993	0.994	0.99	0.992	0		
07/11/2019 00:00	0.992	0.998	0.991	0.995	0		
08/11/2019 00:00	0.995	0.998	0.994	0.997	0		
11/11/2019 00:00	0.997	0.998	0.993	0.993	0		
12/11/2019 00:00	0.993	0.997	0.992	0.993	0		
13/11/2019 00:00	0.993	0.993	0.988	0.99	0		
14/11/2019 00:00	0.99	0.991	0.987	0.988	0		
15/11/2019 00:00	0.988	0.991	0.988	0.99	0		
18/11/2019 00:00	0.99	0.992	0.987	0.989	0		
19/11/2019 00:00	0.989	0.992	0.989	0.991	0		
20/11/2019 00:00	0.991	0.994	0.99	0.991	0		
21/11/2019 00:00	0.99	0.994	0.989	0.993	0		
22/11/2019 00:00	0.993	0.998	0.993	0.997	0		
25/11/2019 00:00	0.998	0.999	0.996	0.997	0		
26/11/2019 00:00	0.997	0.999	0.996	0.997	0		
27/11/2019 00:00	0.998	1	0.997	0.999	0		
28/11/2019 00:00	0.999	1	0.998	0.998	0		
29/11/2019 00:00	0.998	1.002	0.998	1	0		
02/12/2019 00:00	1	1.001	0.991	0.991	0		
03/12/2019 00:00	0.991	0.993	0.986	0.987	0		
04/12/2019 00:00	0.987	0.99	0.986	0.989	0		
05/12/2019 00:00	0.988	0.99	0.987	0.987	0		
06/12/2019 00:00	0.987	0.992	0.986	0.991	0		
09/12/2019 00:00	0.99	0.991	0.988	0.988	0		
10/12/2019 00:00	0.988	0.988	0.983	0.984	0		
11/12/2019 00:00	0.984	0.986	0.981	0.982	0		
12/12/2019 00:00	0.983	0.988	0.978	0.985	0		
13/12/2019 00:00	0.985	0.986	0.981	0.985	0		
16/12/2019 00:00	0.983	0.985	0.982	0.983	0		
17/12/2019 00:00	0.983	0.985	0.98	0.98	0		
18/12/2019 00:00	0.98	0.982	0.98	0.981	0		
19/12/2019 00:00	0.98	0.981	0.977	0.978	0		
20/12/2019 00:00	0.978	0.983	0.978	0.983	0		
23/12/2019 00:00	0.982	0.983	0.98	0.982	0		
24/12/2019 00:00	0.982	0.983	0.979	0.981	0		
27/12/2019 00:00	0.98	0.982	0.973	0.975	0		
30/12/2019 00:00	0.975	0.975	0.967	0.969	0		
31/12/2019 00:00	0.969	0.973	0.961	0.973	0		
02/01/2020 00:00	0.968	0.971	0.968	0.969	0		
03/01/2020 00:00	0.97	0.974	0.97	0.973	0		
06/01/2020 00:00	0.971	0.972	0.968	0.968	0		
07/01/2020 00:00	0.971	0.973	0.968	0.971	0		
08/01/2020 00:00	0.971	0.974	0.967	0.974	0		
09/01/2020 00:00	0.974	0.975	0.971	0.973	0		
10/01/2020 00:00	0.973	0.976	0.972	0.972	0		
13/01/2020 00:00	0.973	0.974	0.969	0.971	0		
14/01/2020 00:00	0.971	0.972	0.967	0.967	0		
15/01/2020 00:00	0.968	0.968	0.963	0.964	0		
16/01/2020 00:00	0.964	0.965	0.961	0.965	0		
17/01/2020 00:00	0.965	0.97	0.964	0.968	0		
20/01/2020 00:00	0.968	0.97	0.968	0.968	0		
21/01/2020 00:00	0.968	0.969	0.966	0.969	0		
22/01/2020 00:00	0.969	0.973	0.968	0.968	0		
23/01/2020 00:00	0.968	0.97	0.967	0.969	0		
24/01/2020 00:00	0.969	0.972	0.969	0.971	0		
27/01/2020 00:00	0.971	0.972	0.968	0.97	0		
28/01/2020 00:00	0.969	0.974	0.968	0.973	0		
29/01/2020 00:00	0.973	0.977	0.973	0.974	0		
30/01/2020 00:00	0.973	0.974	0.968	0.97	0		
31/01/2020 00:00	0.97	0.971	0.963	0.963	0		
03/02/2020 00:00	0.964	0.967	0.963	0.966	0		
04/02/2020 00:00	0.966	0.971	0.966	0.969	0		
05/02/2020 00:00	0.969	0.975	0.968	0.974	0		
06/02/2020 00:00	0.974	0.976	0.973	0.975	0		
07/02/2020 00:00	0.975	0.978	0.974	0.978	0		
10/02/2020 00:00	0.977	0.979	0.976	0.977	0		
11/02/2020 00:00	0.977	0.979	0.975	0.976	0		
12/02/2020 00:00	0.976	0.979	0.974	0.978	0		
13/02/2020 00:00	0.978	0.98	0.976	0.979	0		
14/02/2020 00:00	0.979	0.982	0.979	0.982	0		
17/02/2020 00:00	0.982	0.983	0.98	0.981	0		
18/02/2020 00:00	0.981	0.984	0.98	0.983	0		
19/02/2020 00:00	0.983	0.985	0.983	0.984	0		
20/02/2020 00:00	0.984	0.985	0.982	0.984	0		
21/02/2020 00:00	0.984	0.984	0.977	0.978	0		
24/02/2020 00:00	0.98	0.982	0.976	0.979	0		
25/02/2020 00:00	0.979	0.981	0.975	0.976	0		
26/02/2020 00:00	0.976	0.978	0.973	0.977	0		
27/02/2020 00:00	0.977	0.977	0.967	0.968	0		
28/02/2020 00:00	0.969	0.97	0.961	0.965	0		
02/03/2020 00:00	0.964	0.966	0.954	0.959	0		
03/03/2020 00:00	0.959	0.96	0.952	0.957	0		
04/03/2020 00:00	0.956	0.96	0.953	0.957	0		
05/03/2020 00:00	0.957	0.957	0.945	0.946	0		
06/03/2020 00:00	0.946	0.947	0.932	0.938	0		
09/03/2020 00:00	0.928	0.932	0.918	0.926	0		
10/03/2020 00:00	0.926	0.941	0.926	0.938	0		
11/03/2020 00:00	0.937	0.94	0.932	0.939	0		
12/03/2020 00:00	0.939	0.955	0.932	0.945	0		
13/03/2020 00:00	0.945	0.957	0.942	0.951	0		
16/03/2020 00:00	0.948	0.953	0.939	0.947	0		
17/03/2020 00:00	0.947	0.965	0.947	0.96	0		
18/03/2020 00:00	0.96	0.975	0.957	0.968	0		
19/03/2020 00:00	0.968	0.989	0.964	0.989	0		
20/03/2020 00:00	0.988	0.99	0.974	0.987	0		
23/03/2020 00:00	0.988	0.989	0.979	0.984	0		
24/03/2020 00:00	0.988	0.985	0.972	0.981	0		
25/03/2020 00:00	0.981	0.984	0.975	0.977	0		
26/03/2020 00:00	0.977	0.977	0.96	0.963	0		
27/03/2020 00:00	0.962	0.966	0.95	0.951	0		
30/03/2020 00:00	0.952	0.961	0.95	0.959	0		
31/03/2020 00:00	0.958	0.969	0.956	0.961	0		
01/04/2020 00:00	0.962	0.969	0.96	0.966	0		
02/04/2020 00:00	0.966	0.975	0.965	0.973	0		
03/04/2020 00:00	0.974	0.98	0.973	0.977	0		
06/04/2020 00:00	0.977	0.98	0.976	0.978	0		
07/04/2020 00:00	0.977	0.98	0.969	0.97	0		
08/04/2020 00:00	0.97	0.974	0.969	0.972	0		
09/04/2020 00:00	0.972	0.973	0.965	0.966	0		
14/04/2020 00:00	0.966	0.968	0.959	0.96	0		
15/04/2020 00:00	0.96	0.97	0.96	0.965	0		
16/04/2020 00:00	0.965	0.972	0.964	0.969	0		
17/04/2020 00:00	0.969	0.973	0.966	0.967	0		
20/04/2020 00:00	0.967	0.97	0.966	0.968	0		
21/04/2020 00:00	0.967	0.973	0.967	0.969	0		
22/04/2020 00:00	0.969	0.973	0.967	0.972	0		
23/04/2020 00:00	0.972	0.977	0.971	0.976	0		
24/04/2020 00:00	0.976	0.98	0.972	0.973	0		
27/04/2020 00:00	0.973	0.977	0.971	0.975	0		
28/04/2020 00:00	0.975	0.98	0.972	0.975	0		
29/04/2020 00:00	0.975	0.977	0.971	0.975	0		
30/04/2020 00:00	0.974	0.976	0.964	0.966	0		
04/05/2020 00:00	0.966	0.966	0.964	0.966	0		
05/05/2020 00:00	0.966	0.974	0.965	0.973	0		
06/05/2020 00:00	0.972	0.976	0.972	0.975	0		
07/05/2020 00:00	0.975	0.978	0.973	0.973	0		
08/05/2020 00:00	0.973	0.974	0.968	0.971	0		
11/05/2020 00:00	0.972	0.974	0.97	0.973	0		
12/05/2020 00:00	0.973	0.975	0.967	0.97	0		
13/05/2020 00:00	0.97	0.973	0.967	0.972	0		
14/05/2020 00:00	0.972	0.976	0.971	0.973	0		
15/05/2020 00:00	0.973	0.975	0.97	0.972	0		
18/05/2020 00:00	0.972	0.976	0.968	0.972	0		
19/05/2020 00:00	0.972	0.973	0.97	0.971	0		
20/05/2020 00:00	0.972	0.972	0.964	0.965	0		
21/05/2020 00:00	0.965	0.971	0.964	0.971	0		
22/05/2020 00:00	0.971	0.973	0.97	0.971	0		
25/05/2020 00:00	0.972	0.974	0.97	0.972	0		
26/05/2020 00:00	0.972	0.972	0.965	0.966	0		
27/05/2020 00:00	0.966	0.973	0.965	0.968	0		
28/05/2020 00:00	0.968	0.972	0.963	0.964	0		
29/05/2020 00:00	0.964	0.965	0.96	0.962	0		
01/06/2020 00:00	0.961	0.963	0.958	0.961	0		
02/06/2020 00:00	0.961	0.964	0.957	0.962	0		
03/06/2020 00:00	0.962	0.965	0.961	0.961	0		
04/06/2020 00:00	0.961	0.962	0.954	0.956	0		
05/06/2020 00:00	0.955	0.965	0.954	0.963	0		
08/06/2020 00:00	0.962	0.964	0.956	0.957	0		
09/06/2020 00:00	0.958	0.959	0.948	0.951	0		
10/06/2020 00:00	0.951	0.951	0.942	0.944	0		
11/06/2020 00:00	0.944	0.946	0.938	0.944	0		
12/06/2020 00:00	0.945	0.955	0.944	0.952	0		
15/06/2020 00:00	0.945	0.955	0.948	0.949	0		
16/06/2020 00:00	0.949	0.952	0.946	0.951	0		
17/06/2020 00:00	0.952	0.953	0.948	0.949	0		
18/06/2020 00:00	0.949	0.953	0.948	0.952	0		
19/06/2020 00:00	0.952	0.953	0.949	0.952	0		
22/06/2020 00:00	0.952	0.953	0.949	0.947	0		
23/06/2020 00:00	0.947	0.949	0.942	0.945	0		
24/06/2020 00:00	0.945	0.949	0.943	0.948	0		
25/06/2020 00:00	0.948	0.951	0.948	0.949	0		
26/06/2020 00:00	0.949	0.95	0.947	0.948	0		
29/06/2020 00:00	0.948	0.953	0.944	0.951	0		
30/06/2020 00:00	0.951	0.953	0.946	0.948	0		
01/07/2020 00:00	0.947	0.949	0.944	0.946	0		
02/07/2020 00:00	0.946	0.947	0.943	0.946	0		
03/07/2020 00:00	0.946	0.947	0.944	0.945	0		
06/07/2020 00:00	0.945	0.945	0.938	0.942	0		
07/07/2020 00:00	0.942	0.945	0.941	0.943	0		
08/07/2020 00:00	0.943	0.943	0.937	0.939	0		
09/07/2020 00:00	0.938	0.941	0.936	0.94	0		
10/07/2020 00:00	0.941	0.943	0.939	0.941	0		
13/07/2020 00:00	0.941	0.944	0.939	0.942	0		
14/07/2020 00:00	0.942	0.943	0.938	0.94	0		
15/07/2020 00:00	0.94	0.946	0.937	0.945	0		
16/07/2020 00:00	0.945	0.947	0.943	0.945	0		
17/07/2020 00:00	0.945	0.946	0.938	0.939	0		
20/07/2020 00:00	0.94	0.941	0.937	0.939	0		
21/07/2020 00:00	0.94	0.94	0.932	0.933	0		
22/07/2020 00:00	0.933	0.935	0.929	0.93	0		
23/07/2020 00:00	0.929	0.93	0.925	0.926	0		
24/07/2020 00:00	0.926	0.926	0.919	0.921	0		
27/07/2020 00:00	0.921	0.923	0.917	0.92	0		
28/07/2020 00:00	0.92	0.923	0.916	0.918	0		
29/07/2020 00:00	0.918	0.919	0.912	0.913	0		
30/07/2020 00:00	0.912	0.915	0.908	0.909	0		
31/07/2020 00:00	0.909	0.915	0.906	0.913	0		
03/08/2020 00:00	0.914	0.924	0.913	0.918	0		
04/08/2020 00:00	0.918	0.919	0.913	0.913	0		
05/08/2020 00:00	0.913	0.914	0.905	0.908	0		
06/08/2020 00:00	0.908	0.913	0.907	0.91	0		
07/08/2020 00:00	0.91	0.916	0.909	0.913	0		
10/08/2020 00:00	0.913	0.919	0.912	0.915	0		
11/08/2020 00:00	0.916	0.918	0.911	0.917	0		
12/08/2020 00:00	0.917	0.92	0.91	0.912	0		
13/08/2020 00:00	0.912	0.913	0.908	0.91	0		
14/08/2020 00:00	0.91	0.912	0.909	0.909	0		
17/08/2020 00:00	0.909	0.91	0.905	0.906	0		
18/08/2020 00:00	0.906	0.907	0.901	0.903	0		
19/08/2020 00:00	0.903	0.916	0.902	0.915	0		
20/08/2020 00:00	0.915	0.916	0.907	0.908	0		
21/08/2020 00:00	0.908	0.914	0.906	0.912	0		
24/08/2020 00:00	0.912	0.913	0.907	0.912	0		
25/08/2020 00:00	0.912	0.913	0.907	0.908	0		
26/08/2020 00:00	0.908	0.912	0.907	0.908	0		
27/08/2020 00:00	0.908	0.912	0.904	0.909	0		
28/08/2020 00:00	0.909	0.91	0.902	0.904	0		
31/08/2020 00:00	0.904	0.905	0.9	0.903	0		
01/09/2020 00:00	0.904	0.91	0.9	0.909	0		
02/09/2020 00:00	0.909	0.914	0.909	0.911	0		
03/09/2020 00:00	0.911	0.914	0.908	0.909	0		
04/09/2020 00:00	0.909	0.916	0.909	0.913	0		
07/09/2020 00:00	0.914	0.917	0.912	0.916	0		
08/09/2020 00:00	0.916	0.92	0.916	0.918	0		
09/09/2020 00:00	0.918	0.919	0.912	0.913	0		
10/09/2020 00:00	0.913	0.913	0.905	0.91	0		
11/09/2020 00:00	0.911	0.911	0.908	0.909	0		
14/09/2020 00:00	0.909	0.91	0.906	0.908	0		
15/09/2020 00:00	0.908	0.909	0.905	0.908	0		
16/09/2020 00:00	0.909	0.911	0.906	0.91	0		
17/09/2020 00:00	0.91	0.914	0.908	0.908	0		
18/09/2020 00:00	0.908	0.912	0.907	0.912	0		
21/09/2020 00:00	0.911	0.917	0.909	0.914	0		
22/09/2020 00:00	0.915	0.921	0.914	0.92	0		
23/09/2020 00:00	0.92	0.925	0.919	0.924	0		
24/09/2020 00:00	0.924	0.928	0.922	0.927	0		
25/09/2020 00:00	0.926	0.93	0.925	0.929	0		
28/09/2020 00:00	0.928	0.93	0.924	0.925	0		
29/09/2020 00:00	0.925	0.925	0.919	0.92	0		
30/09/2020 00:00	0.92	0.925	0.916	0.921	0		
01/10/2020 00:00	0.921	0.922	0.916	0.919	0		
02/10/2020 00:00	0.919	0.922	0.918	0.921	0		
05/10/2020 00:00	0.92	0.92	0.915	0.916	0		
06/10/2020 00:00	0.916	0.919	0.913	0.918	0		
07/10/2020 00:00	0.918	0.919	0.916	0.917	0		
08/10/2020 00:00	0.917	0.92	0.916	0.917	0		
09/10/2020 00:00	0.917	0.918	0.909	0.91	0		
12/10/2020 00:00	0.911	0.912	0.909	0.909	0		
13/10/2020 00:00	0.909	0.916	0.909	0.915	0		
14/10/2020 00:00	0.915	0.916	0.911	0.913	0		
15/10/2020 00:00	0.913	0.916	0.913	0.914	0		
16/10/2020 00:00	0.914	0.916	0.912	0.915	0		
19/10/2020 00:00	0.915	0.917	0.909	0.911	0		
20/10/2020 00:00	0.91	0.911	0.906	0.907	0		
21/10/2020 00:00	0.907	0.907	0.903	0.905	0		
22/10/2020 00:00	0.905	0.908	0.905	0.907	0		
23/10/2020 00:00	0.907	0.909	0.903	0.904	0		
26/10/2020 00:00	0.905	0.908	0.904	0.908	0		
27/10/2020 00:00	0.908	0.91	0.906	0.91	0		
28/10/2020 00:00	0.91	0.913	0.908	0.91	0		
29/10/2020 00:00	0.91	0.917	0.909	0.916	0		
30/10/2020 00:00	0.916	0.918	0.914	0.917	0		
02/11/2020 00:00	0.917	0.921	0.917	0.919	0		
03/11/2020 00:00	0.919	0.919	0.912	0.913	0		
04/11/2020 00:00	0.912	0.92	0.909	0.912	0		
05/11/2020 00:00	0.912	0.914	0.904	0.905	0		
06/11/2020 00:00	0.905	0.906	0.898	0.9	0		
09/11/2020 00:00	0.899	0.914	0.898	0.914	0		
10/11/2020 00:00	0.914	0.918	0.912	0.915	0		
11/11/2020 00:00	0.915	0.919	0.914	0.917	0		
12/11/2020 00:00	0.917	0.918	0.913	0.915	0		
13/11/2020 00:00	0.915	0.916	0.912	0.913	0		
16/11/2020 00:00	0.913	0.915	0.91	0.913	0		
17/11/2020 00:00	0.913	0.913	0.909	0.911	0		
18/11/2020 00:00	0.911	0.912	0.909	0.912	0		
19/11/2020 00:00	0.911	0.914	0.91	0.911	0		
20/11/2020 00:00	0.911	0.912	0.909	0.911	0		
23/11/2020 00:00	0.911	0.915	0.908	0.913	0		
24/11/2020 00:00	0.913	0.914	0.91	0.911	0		
25/11/2020 00:00	0.911	0.914	0.908	0.908	0		
26/11/2020 00:00	0.908	0.909	0.906	0.907	0		
27/11/2020 00:00	0.907	0.908	0.904	0.905	0		
30/11/2020 00:00	0.904	0.909	0.902	0.908	0		
01/12/2020 00:00	0.908	0.909	0.899	0.9	0		
02/12/2020 00:00	0.9	0.901	0.894	0.895	0		
03/12/2020 00:00	0.895	0.896	0.889	0.891	0		
04/12/2020 00:00	0.891	0.892	0.889	0.892	0		
07/12/2020 00:00	0.891	0.895	0.888	0.891	0		
08/12/2020 00:00	0.891	0.892	0.888	0.889	0		
09/12/2020 00:00	0.889	0.892	0.887	0.89	0		
10/12/2020 00:00	0.889	0.89	0.885	0.886	0		
11/12/2020 00:00	0.886	0.891	0.885	0.89	0		
14/12/2020 00:00	0.888	0.89	0.885	0.887	0		
15/12/2020 00:00	0.887	0.888	0.885	0.886	0		
16/12/2020 00:00	0.886	0.889	0.883	0.885	0		
17/12/2020 00:00	0.885	0.886	0.882	0.884	0		
18/12/2020 00:00	0.884	0.887	0.883	0.883	0		
21/12/2020 00:00	0.885	0.892	0.884	0.886	0		
22/12/2020 00:00	0.886	0.891	0.885	0.89	0		
23/12/2020 00:00	0.89	0.891	0.887	0.889	0		
24/12/2020 00:00	0.889	0.892	0.887	0.891	0		
28/12/2020 00:00	0.891	0.892	0.888	0.889	0		
29/12/2020 00:00	0.889	0.89	0.883	0.884	0		
30/12/2020 00:00	0.884	0.886	0.881	0.881	0		
31/12/2020 00:00	0.882	0.884	0.88	0.884	0		
04/01/2021 00:00	0.882	0.884	0.878	0.882	0		
05/01/2021 00:00	0.881	0.882	0.878	0.878	0		
06/01/2021 00:00	0.879	0.882	0.876	0.879	0		
07/01/2021 00:00	0.879	0.886	0.877	0.885	0		
08/01/2021 00:00	0.885	0.889	0.882	0.885	0		
11/01/2021 00:00	0.886	0.892	0.886	0.89	0		
12/01/2021 00:00	0.89	0.892	0.886	0.887	0		
13/01/2021 00:00	0.887	0.889	0.885	0.888	0		
14/01/2021 00:00	0.888	0.892	0.886	0.888	0		
15/01/2021 00:00	0.888	0.892	0.887	0.891	0		
18/01/2021 00:00	0.891	0.893	0.89	0.891	0		
19/01/2021 00:00	0.891	0.892	0.886	0.889	0		
20/01/2021 00:00	0.889	0.892	0.887	0.889	0		
21/01/2021 00:00	0.889	0.89	0.885	0.885	0		
22/01/2021 00:00	0.885	0.888	0.884	0.885	0		
25/01/2021 00:00	0.886	0.889	0.885	0.889	0		
26/01/2021 00:00	0.888	0.89	0.886	0.887	0		
27/01/2021 00:00	0.887	0.892	0.886	0.889	0		
28/01/2021 00:00	0.889	0.892	0.887	0.888	0		
29/01/2021 00:00	0.889	0.891	0.887	0.891	0		
01/02/2021 00:00	0.891	0.898	0.89	0.897	0		
02/02/2021 00:00	0.897	0.9	0.895	0.898	0		
03/02/2021 00:00	0.898	0.9	0.897	0.899	0		
04/02/2021 00:00	0.899	0.905	0.898	0.904	0		
05/02/2021 00:00	0.904	0.905	0.898	0.899	0		
08/02/2021 00:00	0.899	0.902	0.898	0.899	0		
09/02/2021 00:00	0.899	0.899	0.892	0.893	0		
10/02/2021 00:00	0.893	0.893	0.889	0.89	0		
11/02/2021 00:00	0.891	0.891	0.889	0.89	0		
12/02/2021 00:00	0.89	0.894	0.89	0.892	0		
15/02/2021 00:00	0.892	0.892	0.89	0.89	0		
16/02/2021 00:00	0.89	0.893	0.887	0.893	0		
17/02/2021 00:00	0.893	0.899	0.892	0.899	0		
18/02/2021 00:00	0.899	0.9	0.896	0.896	0		
19/02/2021 00:00	0.896	0.897	0.893	0.897	0		
22/02/2021 00:00	0.896	0.902	0.895	0.896	0		
23/02/2021 00:00	0.896	0.906	0.895	0.905	0		
24/02/2021 00:00	0.905	0.91	0.905	0.907	0		
25/02/2021 00:00	0.907	0.908	0.903	0.905	0		
26/02/2021 00:00	0.904	0.91	0.903	0.908	0		
01/03/2021 00:00	0.908	0.916	0.907	0.914	0		
02/03/2021 00:00	0.914	0.919	0.914	0.915	0		
03/03/2021 00:00	0.915	0.92	0.914	0.92	0		
04/03/2021 00:00	0.92	0.93	0.919	0.929	0		
05/03/2021 00:00	0.929	0.933	0.926	0.931	0		
08/03/2021 00:00	0.931	0.937	0.929	0.937	0		
09/03/2021 00:00	0.937	0.938	0.927	0.927	0		
10/03/2021 00:00	0.928	0.932	0.927	0.93	0		
11/03/2021 00:00	0.93	0.931	0.923	0.925	0		
12/03/2021 00:00	0.925	0.933	0.924	0.93	0		
15/03/2021 00:00	0.93	0.931	0.927	0.928	0		
16/03/2021 00:00	0.928	0.929	0.924	0.925	0		
17/03/2021 00:00	0.925	0.93	0.921	0.923	0		
18/03/2021 00:00	0.923	0.931	0.922	0.927	0		
19/03/2021 00:00	0.927	0.932	0.925	0.929	0		
22/03/2021 00:00	0.93	0.931	0.922	0.923	0		
23/03/2021 00:00	0.923	0.935	0.923	0.934	0		
24/03/2021 00:00	0.934	0.937	0.934	0.936	0		
25/03/2021 00:00	0.936	0.94	0.935	0.94	0		
26/03/2021 00:00	0.94	0.942	0.938	0.939	0		
29/03/2021 00:00	0.939	0.941	0.937	0.939	0		
30/03/2021 00:00	0.939	0.944	0.939	0.942	0		
31/03/2021 00:00	0.942	0.946	0.94	0.944	0		
01/04/2021 00:00	0.944	0.947	0.94	0.942	0		
06/04/2021 00:00	0.942	0.94	0.93	0.931	0		
07/04/2021 00:00	0.931	0.933	0.927	0.93	0		
08/04/2021 00:00	0.93	0.93	0.923	0.924	0		
09/04/2021 00:00	0.925	0.928	0.924	0.925	0		
12/04/2021 00:00	0.925	0.927	0.921	0.922	0		
13/04/2021 00:00	0.923	0.926	0.92	0.921	0		
14/04/2021 00:00	0.921	0.924	0.919	0.923	0		
15/04/2021 00:00	0.922	0.925	0.921	0.922	0		
16/04/2021 00:00	0.922	0.924	0.918	0.92	0		
19/04/2021 00:00	0.92	0.922	0.913	0.915	0		
20/04/2021 00:00	0.915	0.917	0.913	0.916	0		
21/04/2021 00:00	0.916	0.92	0.915	0.917	0		
22/04/2021 00:00	0.917	0.919	0.914	0.917	0		
23/04/2021 00:00	0.917	0.918	0.913	0.914	0		
26/04/2021 00:00	0.914	0.917	0.912	0.914	0		
27/04/2021 00:00	0.914	0.917	0.912	0.914	0		
28/04/2021 00:00	0.914	0.918	0.909	0.91	0		
29/04/2021 00:00	0.909	0.912	0.908	0.909	0		
30/04/2021 00:00	0.909	0.914	0.908	0.913	0		
03/05/2021 00:00	0.913	0.915	0.909	0.911	0		
04/05/2021 00:00	0.911	0.916	0.911	0.914	0		
05/05/2021 00:00	0.914	0.917	0.912	0.913	0		
06/05/2021 00:00	0.913	0.915	0.907	0.908	0		
07/05/2021 00:00	0.908	0.909	0.9	0.901	0		
10/05/2021 00:00	0.901	0.902	0.899	0.901	0		
11/05/2021 00:00	0.901	0.904	0.9	0.904	0		
12/05/2021 00:00	0.904	0.91	0.903	0.909	0		
13/05/2021 00:00	0.909	0.909	0.905	0.906	0		
14/05/2021 00:00	0.906	0.907	0.9	0.902	0		
17/05/2021 00:00	0.902	0.904	0.9	0.903	0		
18/05/2021 00:00	0.903	0.904	0.896	0.897	0		
19/05/2021 00:00	0.898	0.905	0.897	0.903	0		
20/05/2021 00:00	0.904	0.905	0.897	0.897	0		
21/05/2021 00:00	0.897	0.9	0.895	0.898	0		
24/05/2021 00:00	0.898	0.9	0.896	0.897	0		
25/05/2021 00:00	0.897	0.898	0.893	0.895	0		
26/05/2021 00:00	0.895	0.899	0.894	0.898	0		
27/05/2021 00:00	0.898	0.901	0.896	0.897	0		
28/05/2021 00:00	0.897	0.903	0.897	0.9	0		
31/05/2021 00:00	0.9	0.901	0.898	0.899	0		
01/06/2021 00:00	0.899	0.9	0.895	0.897	0		
02/06/2021 00:00	0.897	0.903	0.897	0.898	0		
03/06/2021 00:00	0.898	0.905	0.898	0.904	0		
04/06/2021 00:00	0.904	0.906	0.897	0.899	0		
07/06/2021 00:00	0.9	0.901	0.897	0.898	0		
08/06/2021 00:00	0.898	0.899	0.895	0.897	0		
09/06/2021 00:00	0.897	0.897	0.893	0.896	0		
10/06/2021 00:00	0.896	0.899	0.894	0.895	0		
11/06/2021 00:00	0.895	0.9	0.893	0.898	0		
14/06/2021 00:00	0.899	0.9	0.898	0.9	0		
15/06/2021 00:00	0.9	0.901	0.897	0.898	0		
16/06/2021 00:00	0.898	0.909	0.898	0.909	0		
17/06/2021 00:00	0.909	0.919	0.908	0.917	0		
18/06/2021 00:00	0.918	0.924	0.917	0.923	0		
21/06/2021 00:00	0.923	0.924	0.917	0.918	0		
22/06/2021 00:00	0.918	0.921	0.917	0.918	0		
23/06/2021 00:00	0.918	0.92	0.915	0.918	0		
24/06/2021 00:00	0.918	0.92	0.917	0.918	0		
25/06/2021 00:00	0.918	0.919	0.914	0.917	0		
28/06/2021 00:00	0.918	0.922	0.917	0.92	0		
29/06/2021 00:00	0.92	0.923	0.919	0.921	0		
30/06/2021 00:00	0.921	0.926	0.921	0.925	0		
01/07/2021 00:00	0.925	0.927	0.924	0.926	0		
02/07/2021 00:00	0.926	0.928	0.92	0.921	0		
05/07/2021 00:00	0.921	0.923	0.92	0.922	0		
06/07/2021 00:00	0.922	0.925	0.919	0.925	0		
07/07/2021 00:00	0.925	0.927	0.922	0.926	0		
08/07/2021 00:00	0.926	0.926	0.913	0.915	0		
09/07/2021 00:00	0.915	0.919	0.914	0.914	0		
12/07/2021 00:00	0.915	0.917	0.913	0.915	0		
13/07/2021 00:00	0.915	0.92	0.914	0.918	0		
14/07/2021 00:00	0.919	0.92	0.914	0.915	0		
15/07/2021 00:00	0.915	0.919	0.912	0.918	0		
16/07/2021 00:00	0.918	0.921	0.917	0.919	0		
19/07/2021 00:00	0.919	0.922	0.916	0.918	0		
20/07/2021 00:00	0.918	0.923	0.917	0.922	0		
21/07/2021 00:00	0.922	0.923	0.917	0.918	0		
22/07/2021 00:00	0.918	0.92	0.915	0.92	0		
23/07/2021 00:00	0.919	0.922	0.919	0.92	0		
26/07/2021 00:00	0.92	0.92	0.915	0.916	0		
27/07/2021 00:00	0.916	0.919	0.913	0.914	0		
28/07/2021 00:00	0.914	0.917	0.91	0.91	0		
29/07/2021 00:00	0.91	0.91	0.905	0.906	0		
30/07/2021 00:00	0.906	0.908	0.904	0.905	0		
02/08/2021 00:00	0.906	0.907	0.904	0.905	0		
03/08/2021 00:00	0.905	0.906	0.902	0.904	0		
04/08/2021 00:00	0.904	0.908	0.902	0.906	0		
05/08/2021 00:00	0.906	0.908	0.905	0.907	0		
06/08/2021 00:00	0.907	0.916	0.906	0.915	0		
09/08/2021 00:00	0.915	0.921	0.915	0.92	0		
10/08/2021 00:00	0.92	0.924	0.919	0.923	0		
11/08/2021 00:00	0.923	0.924	0.92	0.922	0		
12/08/2021 00:00	0.922	0.924	0.921	0.924	0		
13/08/2021 00:00	0.923	0.924	0.915	0.916	0		
16/08/2021 00:00	0.916	0.916	0.911	0.913	0		
17/08/2021 00:00	0.913	0.915	0.91	0.915	0		
18/08/2021 00:00	0.915	0.92	0.913	0.916	0		
19/08/2021 00:00	0.917	0.921	0.915	0.919	0		
20/08/2021 00:00	0.919	0.919	0.916	0.917	0		
23/08/2021 00:00	0.917	0.918	0.912	0.912	0		
24/08/2021 00:00	0.912	0.915	0.911	0.913	0		
25/08/2021 00:00	0.913	0.916	0.912	0.913	0		
26/08/2021 00:00	0.913	0.919	0.913	0.918	0		
27/08/2021 00:00	0.918	0.92	0.911	0.911	0		
30/08/2021 00:00	0.911	0.919	0.91	0.917	0		
31/08/2021 00:00	0.917	0.917	0.911	0.915	0		
01/09/2021 00:00	0.915	0.919	0.914	0.916	0		
02/09/2021 00:00	0.916	0.917	0.914	0.915	0		
03/09/2021 00:00	0.915	0.916	0.912	0.914	0		
06/09/2021 00:00	0.914	0.917	0.913	0.916	0		
07/09/2021 00:00	0.916	0.92	0.913	0.919	0		
08/09/2021 00:00	0.919	0.924	0.918	0.922	0		
09/09/2021 00:00	0.922	0.923	0.916	0.916	0		
10/09/2021 00:00	0.917	0.92	0.915	0.918	0		
13/09/2021 00:00	0.918	0.924	0.917	0.922	0		
14/09/2021 00:00	0.922	0.923	0.918	0.92	0		
15/09/2021 00:00	0.92	0.921	0.916	0.92	0		
16/09/2021 00:00	0.92	0.928	0.919	0.927	0		
17/09/2021 00:00	0.927	0.933	0.926	0.932	0		
20/09/2021 00:00	0.932	0.933	0.927	0.927	0		
21/09/2021 00:00	0.928	0.929	0.923	0.924	0		
22/09/2021 00:00	0.924	0.927	0.922	0.926	0		
23/09/2021 00:00	0.926	0.928	0.922	0.925	0		
24/09/2021 00:00	0.925	0.926	0.922	0.924	0		
27/09/2021 00:00	0.924	0.929	0.924	0.926	0		
28/09/2021 00:00	0.926	0.93	0.926	0.929	0		
29/09/2021 00:00	0.929	0.936	0.928	0.935	0		
30/09/2021 00:00	0.935	0.937	0.931	0.932	0		
01/10/2021 00:00	0.932	0.934	0.928	0.93	0		
04/10/2021 00:00	0.93	0.931	0.923	0.925	0		
05/10/2021 00:00	0.924	0.929	0.924	0.928	0		
06/10/2021 00:00	0.928	0.931	0.927	0.928	0		
07/10/2021 00:00	0.928	0.929	0.925	0.929	0		
08/10/2021 00:00	0.928	0.931	0.925	0.927	0		
11/10/2021 00:00	0.927	0.929	0.925	0.928	0		
12/10/2021 00:00	0.927	0.932	0.926	0.931	0		
13/10/2021 00:00	0.931	0.931	0.924	0.924	0		
14/10/2021 00:00	0.924	0.925	0.919	0.923	0		
15/10/2021 00:00	0.923	0.927	0.922	0.923	0		
18/10/2021 00:00	0.924	0.927	0.922	0.924	0		
19/10/2021 00:00	0.924	0.924	0.918	0.923	0		
20/10/2021 00:00	0.923	0.925	0.919	0.92	0		
21/10/2021 00:00	0.92	0.921	0.917	0.919	0		
22/10/2021 00:00	0.918	0.919	0.915	0.916	0		
25/10/2021 00:00	0.916	0.92	0.915	0.92	0		
26/10/2021 00:00	0.92	0.923	0.918	0.92	0		
27/10/2021 00:00	0.92	0.921	0.916	0.918	0		
28/10/2021 00:00	0.918	0.92	0.911	0.912	0		
29/10/2021 00:00	0.912	0.918	0.91	0.916	0		
01/11/2021 00:00	0.916	0.917	0.909	0.909	0		
02/11/2021 00:00	0.909	0.915	0.909	0.915	0		
03/11/2021 00:00	0.915	0.915	0.91	0.912	0		
04/11/2021 00:00	0.912	0.915	0.911	0.913	0		
05/11/2021 00:00	0.912	0.918	0.911	0.912	0		
08/11/2021 00:00	0.913	0.916	0.912	0.914	0		
09/11/2021 00:00	0.914	0.915	0.91	0.911	0		
10/11/2021 00:00	0.911	0.919	0.911	0.918	0		
11/11/2021 00:00	0.918	0.923	0.918	0.921	0		
12/11/2021 00:00	0.921	0.924	0.92	0.921	0		
15/11/2021 00:00	0.921	0.926	0.919	0.925	0		
16/11/2021 00:00	0.925	0.931	0.924	0.93	0		
17/11/2021 00:00	0.93	0.933	0.928	0.928	0		
18/11/2021 00:00	0.928	0.929	0.925	0.926	0		
19/11/2021 00:00	0.926	0.929	0.925	0.929	0		
22/11/2021 00:00	0.929	0.934	0.927	0.933	0		
23/11/2021 00:00	0.933	0.934	0.93	0.933	0		
24/11/2021 00:00	0.933	0.938	0.932	0.934	0		
25/11/2021 00:00	0.935	0.937	0.932	0.936	0		
26/11/2021 00:00	0.936	0.936	0.922	0.923	0		
29/11/2021 00:00	0.923	0.927	0.923	0.923	0		
30/11/2021 00:00	0.923	0.927	0.916	0.919	0		
01/12/2021 00:00	0.919	0.922	0.917	0.92	0		
02/12/2021 00:00	0.92	0.922	0.918	0.92	0		
03/12/2021 00:00	0.92	0.922	0.917	0.918	0		
06/12/2021 00:00	0.918	0.927	0.918	0.926	0		
07/12/2021 00:00	0.926	0.928	0.923	0.925	0		
08/12/2021 00:00	0.925	0.926	0.919	0.921	0		
09/12/2021 00:00	0.921	0.927	0.92	0.924	0		
10/12/2021 00:00	0.924	0.926	0.92	0.921	0		
13/12/2021 00:00	0.921	0.926	0.921	0.923	0		
14/12/2021 00:00	0.923	0.925	0.919	0.924	0		
15/12/2021 00:00	0.924	0.93	0.923	0.926	0		
16/12/2021 00:00	0.924	0.926	0.919	0.92	0		
17/12/2021 00:00	0.92	0.928	0.917	0.925	0		
20/12/2021 00:00	0.924	0.925	0.919	0.921	0		
21/12/2021 00:00	0.922	0.926	0.919	0.924	0		
22/12/2021 00:00	0.924	0.925	0.919	0.92	0		
23/12/2021 00:00	0.92	0.922	0.918	0.918	0		
24/12/2021 00:00	0.918	0.921	0.917	0.919	0		
27/12/2021 00:00	0.919	0.92	0.917	0.918	0		
28/12/2021 00:00	0.918	0.919	0.916	0.917	0		
29/12/2021 00:00	0.917	0.92	0.913	0.915	0		
30/12/2021 00:00	0.915	0.918	0.913	0.914	0		
31/12/2021 00:00	0.914	0.915	0.91	0.911	0		
03/01/2022 00:00	0.912	0.92	0.911	0.919	0		
04/01/2022 00:00	0.919	0.919	0.914	0.916	0		
05/01/2022 00:00	0.916	0.918	0.914	0.918	0		
06/01/2022 00:00	0.917	0.923	0.917	0.922	0		
07/01/2022 00:00	0.922	0.923	0.918	0.919	0		
10/01/2022 00:00	0.919	0.928	0.919	0.927	0		
11/01/2022 00:00	0.927	0.928	0.923	0.923	0		
12/01/2022 00:00	0.924	0.924	0.913	0.914	0		
13/01/2022 00:00	0.914	0.915	0.909	0.911	0		
14/01/2022 00:00	0.911	0.914	0.909	0.914	0		
17/01/2022 00:00	0.914	0.916	0.912	0.914	0		
18/01/2022 00:00	0.914	0.918	0.913	0.917	0		
19/01/2022 00:00	0.917	0.918	0.914	0.916	0		
20/01/2022 00:00	0.916	0.918	0.914	0.917	0		
21/01/2022 00:00	0.918	0.918	0.911	0.911	0		
24/01/2022 00:00	0.913	0.916	0.911	0.914	0		
25/01/2022 00:00	0.914	0.92	0.913	0.918	0		
26/01/2022 00:00	0.918	0.925	0.917	0.924	0		
27/01/2022 00:00	0.924	0.934	0.923	0.931	0		
28/01/2022 00:00	0.931	0.934	0.929	0.931	0		
31/01/2022 00:00	0.931	0.934	0.925	0.927	0		
01/02/2022 00:00	0.927	0.928	0.92	0.922	0		
02/02/2022 00:00	0.921	0.922	0.918	0.919	0		
03/02/2022 00:00	0.919	0.924	0.918	0.92	0		
04/02/2022 00:00	0.92	0.926	0.919	0.925	0		
07/02/2022 00:00	0.925	0.926	0.922	0.923	0		
08/02/2022 00:00	0.923	0.927	0.923	0.925	0		
09/02/2022 00:00	0.925	0.926	0.922	0.924	0		
10/02/2022 00:00	0.924	0.93	0.923	0.925	0		
11/02/2022 00:00	0.925	0.929	0.924	0.926	0		
14/02/2022 00:00	0.926	0.927	0.924	0.925	0		
15/02/2022 00:00	0.925	0.927	0.923	0.925	0		
16/02/2022 00:00	0.925	0.926	0.921	0.922	0		
17/02/2022 00:00	0.922	0.923	0.919	0.92	0		
18/02/2022 00:00	0.92	0.922	0.919	0.921	0		
21/02/2022 00:00	0.921	0.922	0.915	0.916	0		
22/02/2022 00:00	0.916	0.923	0.915	0.921	0		
23/02/2022 00:00	0.921	0.922	0.917	0.918	0		
24/02/2022 00:00	0.918	0.929	0.917	0.925	0		
25/02/2022 00:00	0.926	0.929	0.923	0.926	0		
28/02/2022 00:00	0.927	0.928	0.917	0.917	0		
01/03/2022 00:00	0.917	0.921	0.915	0.919	0		
02/03/2022 00:00	0.919	0.924	0.917	0.92	0		
03/03/2022 00:00	0.921	0.922	0.917	0.918	0		
04/03/2022 00:00	0.918	0.921	0.916	0.917	0		
07/03/2022 00:00	0.917	0.927	0.917	0.926	0		
08/03/2022 00:00	0.926	0.931	0.925	0.929	0		
09/03/2022 00:00	0.929	0.93	0.925	0.926	0		
10/03/2022 00:00	0.926	0.931	0.926	0.93	0		
11/03/2022 00:00	0.93	0.937	0.929	0.937	0		
14/03/2022 00:00	0.935	0.939	0.932	0.938	0		
15/03/2022 00:00	0.938	0.943	0.937	0.941	0		
16/03/2022 00:00	0.941	0.946	0.939	0.942	0		
17/03/2022 00:00	0.941	0.942	0.934	0.937	0		
18/03/2022 00:00	0.937	0.938	0.931	0.932	0		
21/03/2022 00:00	0.933	0.935	0.929	0.933	0		
22/03/2022 00:00	0.933	0.938	0.931	0.933	0		
23/03/2022 00:00	0.933	0.936	0.93	0.931	0		
24/03/2022 00:00	0.931	0.935	0.93	0.93	0		
25/03/2022 00:00	0.93	0.932	0.926	0.93	0		
28/03/2022 00:00	0.93	0.938	0.93	0.934	0		
29/03/2022 00:00	0.935	0.938	0.93	0.931	0		
30/03/2022 00:00	0.931	0.931	0.922	0.923	0		
31/03/2022 00:00	0.923	0.926	0.92	0.923	0		
01/04/2022 00:00	0.923	0.928	0.922	0.925	0		
04/04/2022 00:00	0.925	0.928	0.924	0.927	0		
05/04/2022 00:00	0.926	0.93	0.924	0.929	0		
06/04/2022 00:00	0.929	0.935	0.929	0.933	0		
07/04/2022 00:00	0.933	0.935	0.932	0.934	0		
08/04/2022 00:00	0.934	0.938	0.933	0.935	0		
11/04/2022 00:00	0.933	0.937	0.93	0.931	0		
12/04/2022 00:00	0.931	0.935	0.929	0.933	0		
13/04/2022 00:00	0.933	0.936	0.931	0.934	0		
14/04/2022 00:00	0.934	0.943	0.932	0.942	0		
19/04/2022 00:00	0.942	0.953	0.943	0.952	0		
20/04/2022 00:00	0.952	0.954	0.946	0.949	0		
21/04/2022 00:00	0.949	0.955	0.946	0.953	0		
22/04/2022 00:00	0.953	0.96	0.953	0.958	0		
25/04/2022 00:00	0.957	0.96	0.955	0.959	0		
26/04/2022 00:00	0.959	0.963	0.956	0.962	0		
27/04/2022 00:00	0.962	0.97	0.962	0.969	0		
28/04/2022 00:00	0.969	0.976	0.968	0.972	0		
29/04/2022 00:00	0.972	0.974	0.967	0.974	0		
03/05/2022 00:00	0.972	0.98	0.972	0.979	0		
04/05/2022 00:00	0.979	0.985	0.972	0.973	0		
05/05/2022 00:00	0.973	0.989	0.971	0.985	0		
06/05/2022 00:00	0.985	0.989	0.983	0.989	0		
09/05/2022 00:00	0.988	0.997	0.985	0.994	0		
10/05/2022 00:00	0.994	0.998	0.991	0.994	0		
11/05/2022 00:00	0.994	0.997	0.987	0.994	0		
12/05/2022 00:00	0.994	1.005	0.993	1.003	0		
13/05/2022 00:00	1.004	1.005	0.991	1.002	0		
16/05/2022 00:00	1.003	1.007	1	1.002	0		
17/05/2022 00:00	1.002	1.003	0.992	0.994	0		
18/05/2022 00:00	0.994	0.999	0.986	0.988	0		
19/05/2022 00:00	0.988	0.989	0.97	0.972	0		
20/05/2022 00:00	0.972	0.977	0.969	0.975	0		
23/05/2022 00:00	0.974	0.975	0.963	0.966	0		
24/05/2022 00:00	0.966	0.967	0.957	0.961	0		
25/05/2022 00:00	0.961	0.965	0.96	0.962	0		
26/05/2022 00:00	0.962	0.964	0.958	0.959	0		
27/05/2022 00:00	0.959	0.96	0.955	0.957	0		
30/05/2022 00:00	0.958	0.961	0.955	0.958	0		
31/05/2022 00:00	0.958	0.962	0.957	0.96	0		
01/06/2022 00:00	0.96	0.966	0.958	0.963	0		
06/06/2022 00:00	0.963	0.972	0.96	0.971	0		
07/06/2022 00:00	0.971	0.978	0.97	0.972	0		
08/06/2022 00:00	0.972	0.979	0.972	0.978	0		
09/06/2022 00:00	0.979	0.982	0.972	0.981	0		
10/06/2022 00:00	0.981	0.99	0.977	0.988	0		
13/06/2022 00:00	0.988	1	0.988	0.997	0		
14/06/2022 00:00	0.998	1.004	0.987	1.002	0		
15/06/2022 00:00	1.002	1.005	0.993	0.994	0		
16/06/2022 00:00	0.994	0.999	0.963	0.967	0		
17/06/2022 00:00	0.966	0.974	0.962	0.971	0		
20/06/2022 00:00	0.97	0.972	0.962	0.968	0		
21/06/2022 00:00	0.967	0.969	0.963	0.966	0		
22/06/2022 00:00	0.966	0.969	0.958	0.962	0		
23/06/2022 00:00	0.961	0.968	0.957	0.961	0		
24/06/2022 00:00	0.961	0.963	0.952	0.959	0		
27/06/2022 00:00	0.958	0.962	0.954	0.957	0		
28/06/2022 00:00	0.957	0.959	0.953	0.957	0		
29/06/2022 00:00	0.957	0.958	0.95	0.955	0		
30/06/2022 00:00	0.955	0.961	0.953	0.955	0		
01/07/2022 00:00	0.955	0.964	0.955	0.959	0		
04/07/2022 00:00	0.96	0.962	0.956	0.961	0		
05/07/2022 00:00	0.961	0.971	0.959	0.968	0		
06/07/2022 00:00	0.968	0.974	0.967	0.971	0		
07/07/2022 00:00	0.971	0.975	0.968	0.974	0		
08/07/2022 00:00	0.974	0.98	0.972	0.977	0		
11/07/2022 00:00	0.976	0.984	0.975	0.983	0		
12/07/2022 00:00	0.983	0.986	0.98	0.982	0		
13/07/2022 00:00	0.982	0.983	0.976	0.979	0		
14/07/2022 00:00	0.979	0.989	0.979	0.984	0		
15/07/2022 00:00	0.984	0.985	0.975	0.977	0		
18/07/2022 00:00	0.977	0.979	0.973	0.977	0		
19/07/2022 00:00	0.978	0.979	0.965	0.969	0		
20/07/2022 00:00	0.969	0.976	0.968	0.971	0		
21/07/2022 00:00	0.971	0.974	0.966	0.967	0		
22/07/2022 00:00	0.967	0.97	0.96	0.962	0		
25/07/2022 00:00	0.962	0.966	0.961	0.964	0		
26/07/2022 00:00	0.964	0.967	0.962	0.963	0		
27/07/2022 00:00	0.963	0.966	0.958	0.96	0		
28/07/2022 00:00	0.96	0.963	0.954	0.955	0		
29/07/2022 00:00	0.955	0.962	0.95	0.952	0		
01/08/2022 00:00	0.952	0.953	0.948	0.95	0		
02/08/2022 00:00	0.95	0.958	0.947	0.958	0		
03/08/2022 00:00	0.958	0.965	0.954	0.961	0		
04/08/2022 00:00	0.961	0.962	0.954	0.955	0		
05/08/2022 00:00	0.955	0.965	0.954	0.962	0		
08/08/2022 00:00	0.962	0.964	0.952	0.956	0		
09/08/2022 00:00	0.956	0.956	0.951	0.954	0		
10/08/2022 00:00	0.954	0.955	0.939	0.943	0		
11/08/2022 00:00	0.942	0.945	0.937	0.942	0		
12/08/2022 00:00	0.942	0.945	0.941	0.941	0		
15/08/2022 00:00	0.942	0.947	0.941	0.946	0		
16/08/2022 00:00	0.946	0.952	0.943	0.95	0		
17/08/2022 00:00	0.95	0.955	0.948	0.952	0		
18/08/2022 00:00	0.952	0.957	0.95	0.956	0		
19/08/2022 00:00	0.957	0.96	0.955	0.959	0		
22/08/2022 00:00	0.959	0.966	0.957	0.964	0		
23/08/2022 00:00	0.964	0.969	0.959	0.964	0		
24/08/2022 00:00	0.964	0.969	0.961	0.967	0		
25/08/2022 00:00	0.966	0.967	0.961	0.963	0		
26/08/2022 00:00	0.963	0.967	0.958	0.966	0		
30/08/2022 00:00	0.966	0.976	0.965	0.974	0		
31/08/2022 00:00	0.974	0.981	0.973	0.978	0		
01/09/2022 00:00	0.978	0.986	0.974	0.982	0		
02/09/2022 00:00	0.981	0.986	0.978	0.981	0		
05/09/2022 00:00	0.983	0.984	0.979	0.98	0		
06/09/2022 00:00	0.98	0.986	0.977	0.984	0		
07/09/2022 00:00	0.984	0.987	0.976	0.977	0		
08/09/2022 00:00	0.977	0.978	0.97	0.97	0		
09/09/2022 00:00	0.971	0.972	0.955	0.959	0		
12/09/2022 00:00	0.96	0.961	0.951	0.954	0		
13/09/2022 00:00	0.954	0.964	0.948	0.962	0		
14/09/2022 00:00	0.962	0.964	0.959	0.962	0		
15/09/2022 00:00	0.962	0.964	0.956	0.961	0		
16/09/2022 00:00	0.961	0.966	0.96	0.965	0		
19/09/2022 00:00	0.964	0.97	0.963	0.964	0		
20/09/2022 00:00	0.964	0.968	0.962	0.964	0		
21/09/2022 00:00	0.964	0.97	0.962	0.967	0		
22/09/2022 00:00	0.967	0.985	0.962	0.978	0		
23/09/2022 00:00	0.977	0.984	0.976	0.982	0		
26/09/2022 00:00	0.983	0.997	0.979	0.995	0		
27/09/2022 00:00	0.994	0.996	0.985	0.992	0		
28/09/2022 00:00	0.992	0.997	0.973	0.976	0		
29/09/2022 00:00	0.976	0.986	0.972	0.976	0		
30/09/2022 00:00	0.976	0.989	0.974	0.987	0		
03/10/2022 00:00	0.987	0.995	0.983	0.992	0		
04/10/2022 00:00	0.992	0.995	0.976	0.98	0		
05/10/2022 00:00	0.98	0.989	0.978	0.983	0		
06/10/2022 00:00	0.983	0.992	0.978	0.99	0		
07/10/2022 00:00	0.99	0.995	0.987	0.995	0		
10/10/2022 00:00	0.994	1.001	0.993	1	0		
11/10/2022 00:00	1	1.002	0.992	0.997	0		
12/10/2022 00:00	0.998	1	0.993	0.998	0		
13/10/2022 00:00	0.998	1.007	0.996	1.001	0		
14/10/2022 00:00	1	1.007	0.996	1.006	0		
17/10/2022 00:00	1.005	1.006	0.994	0.996	0		
18/10/2022 00:00	0.996	0.998	0.992	0.994	0		
19/10/2022 00:00	0.994	1.007	0.993	1.005	0		
20/10/2022 00:00	1.005	1.007	0.999	1.004	0		
21/10/2022 00:00	1.004	1.001	0.996	0.997	0		
24/10/2022 00:00	0.996	1.003	0.994	1.001	0		
25/10/2022 00:00	1.001	1.003	0.994	0.995	0		
26/10/2022 00:00	0.995	0.997	0.985	0.986	0		
27/10/2022 00:00	0.986	0.993	0.984	0.991	0		
28/10/2022 00:00	0.991	1.002	0.988	0.997	0		
31/10/2022 00:00	0.996	1.003	0.996	1.001	0		
01/11/2022 00:00	1.001	1.002	0.992	1	0		
02/11/2022 00:00	1	1.004	0.991	1.003	0		
03/11/2022 00:00	1.003	1.015	1.001	1.013	0		
04/11/2022 00:00	1.013	1.014	0.993	0.998	0		
07/11/2022 00:00	0.997	0.998	0.988	0.989	0		
08/11/2022 00:00	0.989	0.993	0.984	0.985	0		
09/11/2022 00:00	0.985	0.988	0.98	0.985	0		
10/11/2022 00:00	0.985	0.99	0.963	0.964	0		
11/11/2022 00:00	0.964	0.968	0.94	0.943	0		
14/11/2022 00:00	0.944	0.949	0.941	0.944	0		
15/11/2022 00:00	0.943	0.948	0.936	0.944	0		
16/11/2022 00:00	0.944	0.947	0.939	0.945	0		
17/11/2022 00:00	0.945	0.956	0.943	0.952	0		
18/11/2022 00:00	0.952	0.955	0.95	0.954	0		
21/11/2022 00:00	0.952	0.96	0.95	0.959	0		
22/11/2022 00:00	0.959	0.959	0.951	0.952	0		
23/11/2022 00:00	0.952	0.953	0.941	0.943	0		
24/11/2022 00:00	0.943	0.945	0.939	0.943	0		
25/11/2022 00:00	0.943	0.95	0.942	0.946	0		
28/11/2022 00:00	0.947	0.95	0.94	0.949	0		
29/11/2022 00:00	0.949	0.955	0.946	0.953	0		
30/11/2022 00:00	0.954	0.955	0.943	0.946	0		
01/12/2022 00:00	0.946	0.946	0.937	0.937	0		
02/12/2022 00:00	0.937	0.944	0.933	0.936	0		
05/12/2022 00:00	0.937	0.944	0.933	0.942	0		
06/12/2022 00:00	0.943	0.946	0.938	0.942	0		
07/12/2022 00:00	0.942	0.944	0.936	0.941	0		
08/12/2022 00:00	0.941	0.943	0.934	0.936	0		
09/12/2022 00:00	0.937	0.938	0.931	0.935	0		
12/12/2022 00:00	0.934	0.938	0.931	0.936	0		
13/12/2022 00:00	0.936	0.938	0.923	0.929	0		
14/12/2022 00:00	0.928	0.932	0.922	0.925	0		
15/12/2022 00:00	0.924	0.932	0.923	0.928	0		
16/12/2022 00:00	0.928	0.935	0.925	0.932	0		
19/12/2022 00:00	0.933	0.935	0.928	0.929	0		
20/12/2022 00:00	0.929	0.931	0.924	0.926	0		
21/12/2022 00:00	0.926	0.929	0.924	0.927	0		
22/12/2022 00:00	0.927	0.933	0.923	0.931	0		
23/12/2022 00:00	0.931	0.935	0.928	0.933	0		
28/12/2022 00:00	0.933	0.934	0.873	0.929	0		
29/12/2022 00:00	0.929	0.929	0.921	0.923	0		
30/12/2022 00:00	0.923	0.927	0.92	0.924	0		
02/01/2023 00:00	0.924	0.927	0.922	0.926	0		
03/01/2023 00:00	0.926	0.94	0.923	0.936	0		
04/01/2023 00:00	0.936	0.937	0.925	0.93	0		
05/01/2023 00:00	0.93	0.938	0.926	0.936	0		
06/01/2023 00:00	0.936	0.941	0.927	0.928	0		
09/01/2023 00:00	0.928	0.929	0.917	0.921	0		
10/01/2023 00:00	0.921	0.925	0.919	0.923	0		
11/01/2023 00:00	0.923	0.933	0.92	0.931	0		
12/01/2023 00:00	0.931	0.936	0.926	0.928	0		
13/01/2023 00:00	0.928	0.932	0.926	0.927	0		
16/01/2023 00:00	0.927	0.929	0.922	0.926	0		
17/01/2023 00:00	0.926	0.928	0.919	0.922	0		
18/01/2023 00:00	0.922	0.925	0.909	0.916	0		
19/01/2023 00:00	0.916	0.919	0.914	0.916	0		
20/01/2023 00:00	0.916	0.924	0.914	0.92	0		
23/01/2023 00:00	0.92	0.924	0.916	0.922	0		
24/01/2023 00:00	0.922	0.928	0.919	0.923	0		
25/01/2023 00:00	0.923	0.925	0.917	0.918	0		
26/01/2023 00:00	0.918	0.923	0.916	0.92	0		
27/01/2023 00:00	0.92	0.924	0.919	0.922	0		
30/01/2023 00:00	0.921	0.926	0.918	0.925	0		
31/01/2023 00:00	0.925	0.929	0.915	0.916	0		
01/02/2023 00:00	0.916	0.919	0.907	0.908	0		
02/02/2023 00:00	0.909	0.915	0.906	0.913	0		
03/02/2023 00:00	0.914	0.927	0.913	0.927	0		
06/02/2023 00:00	0.926	0.929	0.923	0.928	0		
07/02/2023 00:00	0.928	0.929	0.919	0.922	0		
08/02/2023 00:00	0.922	0.923	0.918	0.921	0		
09/02/2023 00:00	0.921	0.923	0.916	0.922	0		
10/02/2023 00:00	0.923	0.925	0.92	0.925	0		
13/02/2023 00:00	0.924	0.926	0.919	0.92	0		
14/02/2023 00:00	0.92	0.924	0.914	0.922	0		
15/02/2023 00:00	0.922	0.926	0.921	0.924	0		
16/02/2023 00:00	0.924	0.928	0.921	0.926	0		
17/02/2023 00:00	0.926	0.933	0.924	0.925	0		
20/02/2023 00:00	0.925	0.926	0.922	0.924	0		
21/02/2023 00:00	0.924	0.929	0.923	0.928	0		
22/02/2023 00:00	0.927	0.932	0.925	0.931	0		
23/02/2023 00:00	0.931	0.935	0.929	0.934	0		
24/02/2023 00:00	0.934	0.942	0.933	0.941	0		
27/02/2023 00:00	0.941	0.943	0.934	0.936	0		
28/02/2023 00:00	0.936	0.942	0.934	0.942	0		
01/03/2023 00:00	0.942	0.943	0.935	0.94	0		
02/03/2023 00:00	0.94	0.944	0.939	0.942	0		
03/03/2023 00:00	0.942	0.942	0.936	0.936	0		
06/03/2023 00:00	0.937	0.937	0.93	0.931	0		
07/03/2023 00:00	0.931	0.943	0.929	0.942	0		
08/03/2023 00:00	0.942	0.944	0.939	0.942	0		
09/03/2023 00:00	0.942	0.942	0.932	0.933	0		
10/03/2023 00:00	0.933	0.934	0.918	0.92	0		
13/03/2023 00:00	0.917	0.92	0.907	0.912	0		
14/03/2023 00:00	0.912	0.917	0.91	0.914	0		
15/03/2023 00:00	0.914	0.935	0.912	0.932	0		
16/03/2023 00:00	0.932	0.933	0.923	0.93	0		
17/03/2023 00:00	0.93	0.93	0.923	0.923	0		
20/03/2023 00:00	0.927	0.931	0.924	0.929	0		
21/03/2023 00:00	0.929	0.932	0.921	0.922	0		
22/03/2023 00:00	0.922	0.925	0.915	0.917	0		
23/03/2023 00:00	0.918	0.918	0.912	0.917	0		
24/03/2023 00:00	0.917	0.922	0.915	0.92	0		
27/03/2023 00:00	0.919	0.92	0.915	0.916	0		
28/03/2023 00:00	0.916	0.922	0.914	0.92	0		
29/03/2023 00:00	0.92	0.922	0.917	0.919	0		
30/03/2023 00:00	0.919	0.926	0.912	0.914	0		
31/03/2023 00:00	0.914	0.918	0.912	0.915	0		
03/04/2023 00:00	0.915	0.92	0.912	0.913	0		
04/04/2023 00:00	0.913	0.914	0.906	0.906	0		
05/04/2023 00:00	0.906	0.908	0.903	0.906	0		
06/04/2023 00:00	0.906	0.908	0.904	0.905	0		
