date	ouv	haut	bas	clot	vol	devise	
11/04/2018 00:00	107.201	107.229	106.65	106.81	0		
12/04/2018 00:00	106.802	107.429	106.703	107.304	0		
13/04/2018 00:00	107.304	107.78	107.205	107.345	0		
16/04/2018 00:00	107.511	107.611	107.035	107.139	0		
17/04/2018 00:00	107.135	107.208	106.875	107.033	0		
18/04/2018 00:00	107.015	107.392	107.003	107.213	0		
19/04/2018 00:00	107.22	107.518	107.175	107.364	0		
20/04/2018 00:00	107.386	107.857	107.373	107.685	0		
23/04/2018 00:00	107.697	108.755	107.662	108.697	0		
24/04/2018 00:00	108.715	109.201	108.544	108.812	0		
25/04/2018 00:00	108.811	109.456	108.789	109.384	0		
26/04/2018 00:00	109.386	109.47	109.066	109.292	0		
27/04/2018 00:00	109.298	109.538	108.944	109.015	0		
30/04/2018 00:00	109.109	109.455	109.015	109.267	0		
01/05/2018 00:00	109.268	109.89	109.241	109.855	0		
02/05/2018 00:00	109.852	110.037	109.59	109.816	0		
03/05/2018 00:00	109.815	109.89	108.93	109.185	0		
04/05/2018 00:00	109.181	109.29	108.62	108.695	0		
07/05/2018 00:00	109.09	109.395	108.75	109.083	0		
08/05/2018 00:00	109.089	109.352	108.829	109.062	0		
09/05/2018 00:00	109.066	109.839	108.99	109.723	0		
10/05/2018 00:00	109.721	110.016	109.31	109.41	0		
11/05/2018 00:00	109.408	109.57	109.15	109.405	0		
14/05/2018 00:00	109.325	109.74	109.18	109.695	0		
15/05/2018 00:00	109.687	110.456	109.65	110.336	0		
16/05/2018 00:00	110.332	110.41	110.03	110.294	0		
17/05/2018 00:00	110.278	110.86	110.07	110.751	0		
18/05/2018 00:00	110.777	111.085	110.605	110.765	0		
21/05/2018 00:00	110.87	111.386	110.823	111.028	0		
22/05/2018 00:00	111.025	111.19	110.795	110.902	0		
23/05/2018 00:00	110.902	110.92	109.55	109.94	0		
24/05/2018 00:00	109.952	110.045	108.95	109.231	0		
25/05/2018 00:00	109.225	109.75	109.115	109.445	0		
28/05/2018 00:00	109.805	109.82	109.23	109.372	0		
29/05/2018 00:00	109.378	109.47	108.114	108.619	0		
30/05/2018 00:00	108.61	109.075	108.35	108.898	0		
31/05/2018 00:00	108.891	109.003	108.39	108.792	0		
01/06/2018 00:00	108.792	109.738	108.724	109.54	0		
04/06/2018 00:00	109.47	109.89	109.37	109.808	0		
05/06/2018 00:00	109.807	110.04	109.47	109.805	0		
06/06/2018 00:00	109.819	110.29	109.785	110.149	0		
07/06/2018 00:00	110.145	110.223	109.475	109.722	0		
08/06/2018 00:00	109.723	109.87	109.19	109.635	0		
11/06/2018 00:00	109.345	110.118	109.32	110.06	0		
12/06/2018 00:00	110.049	110.52	110.03	110.375	0		
13/06/2018 00:00	110.387	110.85	110.27	110.325	0		
14/06/2018 00:00	110.286	110.694	109.91	110.67	0		
15/06/2018 00:00	110.674	110.906	110.389	110.675	0		
18/06/2018 00:00	110.67	110.67	110.25	110.542	0		
19/06/2018 00:00	110.542	110.575	109.55	110.066	0		
20/06/2018 00:00	110.059	110.451	109.85	110.35	0		
21/06/2018 00:00	110.357	110.758	109.835	109.9	0		
22/06/2018 00:00	109.874	110.219	109.801	109.87	0		
25/06/2018 00:00	109.905	110.044	109.369	109.735	0		
26/06/2018 00:00	109.737	110.23	109.36	110.035	0		
27/06/2018 00:00	110.019	110.49	109.687	110.229	0		
28/06/2018 00:00	110.225	110.68	109.968	110.463	0		
29/06/2018 00:00	110.454	110.985	110.37	110.5	0		
02/07/2018 00:00	110.755	111.08	110.606	110.876	0		
03/07/2018 00:00	110.872	111.131	110.504	110.588	0		
04/07/2018 00:00	110.605	110.606	110.275	110.498	0		
05/07/2018 00:00	110.51	110.729	110.29	110.677	0		
06/07/2018 00:00	110.678	110.79	110.37	110.475	0		
09/07/2018 00:00	110.46	110.905	110.35	110.85	0		
10/07/2018 00:00	110.842	111.354	110.83	110.952	0		
11/07/2018 00:00	110.978	112.175	110.764	111.93	0		
12/07/2018 00:00	111.939	112.63	111.915	112.53	0		
13/07/2018 00:00	112.529	112.82	112.263	112.385	0		
16/07/2018 00:00	112.345	112.57	112.224	112.257	0		
17/07/2018 00:00	112.276	112.93	112.227	112.89	0		
18/07/2018 00:00	112.9	113.137	112.693	112.827	0		
19/07/2018 00:00	112.839	113.21	112.05	112.421	0		
20/07/2018 00:00	112.42	112.65	111.365	111.48	0		
23/07/2018 00:00	111.365	111.55	110.75	111.314	0		
24/07/2018 00:00	111.304	111.515	110.955	111.192	0		
25/07/2018 00:00	111.18	111.39	110.666	111.021	0		
26/07/2018 00:00	110.954	111.255	110.588	111.242	0		
27/07/2018 00:00	111.243	111.255	110.777	111.045	0		
30/07/2018 00:00	110.97	111.166	110.87	111.047	0		
31/07/2018 00:00	111.041	111.959	110.761	111.836	0		
01/08/2018 00:00	111.841	112.152	111.389	111.721	0		
02/08/2018 00:00	111.704	111.734	111.315	111.645	0		
03/08/2018 00:00	111.635	111.861	111.095	111.265	0		
06/08/2018 00:00	111.225	111.56	111.169	111.385	0		
07/08/2018 00:00	111.399	111.479	110.981	111.387	0		
08/08/2018 00:00	111.378	111.438	110.83	110.941	0		
09/08/2018 00:00	110.923	111.19	110.71	111.095	0		
10/08/2018 00:00	111.103	111.17	110.44	110.875	0		
13/08/2018 00:00	110.56	110.935	110.1	110.745	0		
14/08/2018 00:00	110.759	111.313	110.586	111.212	0		
15/08/2018 00:00	111.225	111.433	110.43	110.709	0		
16/08/2018 00:00	110.711	111.122	110.45	110.938	0		
17/08/2018 00:00	110.933	111.054	110.305	110.505	0		
20/08/2018 00:00	110.525	110.69	109.97	110.062	0		
21/08/2018 00:00	110.045	110.55	109.77	110.203	0		
22/08/2018 00:00	110.185	110.617	109.98	110.553	0		
23/08/2018 00:00	110.551	111.345	110.51	111.285	0		
24/08/2018 00:00	111.291	111.49	111.105	111.235	0		
27/08/2018 00:00	111.305	111.35	110.93	111.032	0		
28/08/2018 00:00	111.05	111.36	110.95	111.169	0		
29/08/2018 00:00	111.171	111.83	111.115	111.697	0		
30/08/2018 00:00	111.725	111.76	110.95	111.037	0		
31/08/2018 00:00	111.023	111.136	110.685	110.875	0		
03/09/2018 00:00	111.1	111.19	110.845	111.073	0		
04/09/2018 00:00	111.079	111.535	110.895	111.46	0		
05/09/2018 00:00	111.456	111.77	111.362	111.485	0		
06/09/2018 00:00	111.512	111.515	110.515	110.675	0		
07/09/2018 00:00	110.682	111.251	110.375	111.005	0		
10/09/2018 00:00	111.045	111.25	110.85	111.106	0		
11/09/2018 00:00	111.106	111.645	111.07	111.609	0		
12/09/2018 00:00	111.607	111.65	111.11	111.257	0		
13/09/2018 00:00	111.25	111.999	111.169	111.911	0		
14/09/2018 00:00	111.916	112.17	111.75	112.055	0		
17/09/2018 00:00	112.05	112.125	111.759	111.844	0		
18/09/2018 00:00	111.846	112.42	111.664	112.374	0		
19/09/2018 00:00	112.366	112.445	112.155	112.268	0		
20/09/2018 00:00	112.26	112.59	112.043	112.479	0		
21/09/2018 00:00	112.478	112.875	112.43	112.575	0		
24/09/2018 00:00	112.478	112.84	112.43	112.77	0		
25/09/2018 00:00	112.765	113.03	112.735	112.953	0		
26/09/2018 00:00	112.955	113.132	112.6	112.687	0		
27/09/2018 00:00	112.686	113.47	112.555	113.408	0		
28/09/2018 00:00	113.419	113.71	113.315	113.495	0		
01/10/2018 00:00	113.705	114.11	113.705	113.997	0		
02/10/2018 00:00	114.002	114.05	113.53	113.633	0		
03/10/2018 00:00	113.639	114.58	113.5	114.485	0		
04/10/2018 00:00	114.49	114.552	113.63	113.913	0		
05/10/2018 00:00	113.905	114.13	113.555	113.725	0		
08/10/2018 00:00	113.74	113.95	112.815	113.175	0		
09/10/2018 00:00	113.173	113.393	112.87	112.981	0		
10/10/2018 00:00	112.983	113.286	112.115	112.233	0		
11/10/2018 00:00	112.251	112.536	111.83	112.109	0		
12/10/2018 00:00	112.12	112.497	111.875	112.225	0		
15/10/2018 00:00	112.165	112.236	111.626	111.779	0		
16/10/2018 00:00	111.768	112.339	111.725	112.306	0		
17/10/2018 00:00	111.768	112.73	112.01	112.671	0		
18/10/2018 00:00	112.663	112.75	112.07	112.203	0		
19/10/2018 00:00	112.2	112.65	112.14	112.545	0		
22/10/2018 00:00	112.535	112.89	112.345	112.815	0		
23/10/2018 00:00	112.816	112.87	111.95	112.413	0		
24/10/2018 00:00	112.816	112.743	112.087	112.165	0		
25/10/2018 00:00	112.156	112.71	111.822	112.371	0		
26/10/2018 00:00	112.378	112.45	111.37	111.885	0		
29/10/2018 00:00	111.87	112.56	111.76	112.35	0		
30/10/2018 00:00	112.359	113.175	112.306	113.098	0		
31/10/2018 00:00	113.096	113.39	112.804	112.932	0		
01/11/2018 00:00	112.937	113.004	112.628	112.752	0		
02/11/2018 00:00	112.937	113.32	112.628	113.206	0		
05/11/2018 00:00	113.23	113.338	113.07	113.212	0		
06/11/2018 00:00	113.208	113.53	113.099	113.429	0		
07/11/2018 00:00	113.415	113.465	112.944	113.515	0		
08/11/2018 00:00	113.515	114.11	113.5	114.045	0		
09/11/2018 00:00	114.042	114.07	113.643	113.82	0		
12/11/2018 00:00	114.042	114.07	113.655	113.798	0		
13/11/2018 00:00	113.808	114.15	113.725	113.819	0		
14/11/2018 00:00	113.828	114.01	113.29	113.594	0		
15/11/2018 00:00	113.597	113.73	113.095	113.55	0		
16/11/2018 00:00	113.555	113.614	112.643	112.82	0		
19/11/2018 00:00	112.78	112.875	112.41	112.504	0		
20/11/2018 00:00	112.504	112.846	112.26	112.718	0		
21/11/2018 00:00	112.732	113.196	112.644	113.068	0		
22/11/2018 00:00	113.101	113.111	112.875	112.945	0		
23/11/2018 00:00	112.954	113.02	112.655	112.96	0		
26/11/2018 00:00	112.923	113.652	112.88	113.58	0		
27/11/2018 00:00	113.57	113.845	113.41	113.759	0		
28/11/2018 00:00	113.751	114.037	113.449	113.624	0		
29/11/2018 00:00	113.625	113.64	113.15	113.428	0		
30/11/2018 00:00	113.43	113.718	113.33	113.55	0		
03/12/2018 00:00	113.69	113.825	113.37	113.629	0		
04/12/2018 00:00	113.625	113.638	112.565	112.772	0		
05/12/2018 00:00	112.772	113.25	112.645	113.141	0		
06/12/2018 00:00	113.164	113.175	112.23	112.7	0		
07/12/2018 00:00	112.721	112.93	112.55	112.745	0		
10/12/2018 00:00	112.645	113.375	112.235	113.259	0		
11/12/2018 00:00	113.269	113.47	112.975	113.38	0		
12/12/2018 00:00	113.378	113.55	113.135	113.274	0		
13/12/2018 00:00	113.285	113.71	113.203	113.606	0		
14/12/2018 00:00	113.603	113.676	113.205	113.355	0		
17/12/2018 00:00	113.325	113.53	112.675	112.824	0		
18/12/2018 00:00	112.824	112.85	112.245	112.473	0		
19/12/2018 00:00	112.476	112.665	112.088	112.433	0		
20/12/2018 00:00	112.423	112.61	110.81	111.29	0		
21/12/2018 00:00	111.285	111.47	110.92	110.965	0		
24/12/2018 00:00	111.04	111.24	110.27	110.447	0		
27/12/2018 00:00	110.442	110.445	110.45	110.912	0		
28/12/2018 00:00	110.955	110.955	110.143	110.5	0		
31/12/2018 00:00	110.295	110.476	109.555	109.59	0		
02/01/2019 00:00	110.295	110.476	104.795	106.63	0		
03/01/2019 00:00	106.745	108.31	106.53	107.671	0		
04/01/2019 00:00	107.672	108.595	107.51	108.52	0		
07/01/2019 00:00	108.46	108.75	108.024	108.664	0		
08/01/2019 00:00	108.665	109.09	108.444	108.78	0		
09/01/2019 00:00	108.8	109.01	107.97	108.156	0		
10/01/2019 00:00	108.16	108.517	107.77	108.398	0		
11/01/2019 00:00	108.41	108.61	108.146	108.53	0		
14/01/2019 00:00	108.505	108.52	107.988	108.161	0		
15/01/2019 00:00	108.169	108.775	108.129	108.673	0		
16/01/2019 00:00	108.66	109.197	108.37	109.033	0		
17/01/2019 00:00	108.66	109.399	108.685	109.197	0		
18/01/2019 00:00	108.66	109.891	108.685	109.785	0		
21/01/2019 00:00	109.73	109.762	109.47	109.605	0		
22/01/2019 00:00	109.624	109.696	109.143	109.35	0		
23/01/2019 00:00	109.338	109.998	109.32	109.56	0		
24/01/2019 00:00	109.563	109.801	109.415	109.565	0		
25/01/2019 00:00	109.576	109.95	109.45	109.6	0		
28/01/2019 00:00	109.54	109.57	109.16	109.304	0		
29/01/2019 00:00	109.305	109.546	109.13	109.349	0		
30/01/2019 00:00	109.362	109.75	108.808	109.048	0		
31/01/2019 00:00	109.048	109.069	108.49	108.825	0		
01/02/2019 00:00	108.828	109.585	108.68	109.53	0		
04/02/2019 00:00	109.5	110.17	109.43	109.897	0		
05/02/2019 00:00	109.89	110.042	109.775	109.953	0		
06/02/2019 00:00	109.96	110.055	109.55	109.978	0		
07/02/2019 00:00	109.945	110.09	109.606	109.78	0		
08/02/2019 00:00	109.767	109.897	109.645	109.715	0		
11/02/2019 00:00	109.805	110.47	109.765	110.375	0		
12/02/2019 00:00	110.385	110.654	110.342	110.458	0		
13/02/2019 00:00	110.472	111.056	110.425	111.016	0		
14/02/2019 00:00	111.009	111.13	110.41	110.507	0		
15/02/2019 00:00	110.51	110.65	110.255	110.565	0		
18/02/2019 00:00	110.485	110.654	110.43	110.6	0		
19/02/2019 00:00	110.606	110.825	110.45	110.597	0		
20/02/2019 00:00	110.585	110.95	110.555	110.823	0		
21/02/2019 00:00	110.81	110.9	110.57	110.684	0		
22/02/2019 00:00	110.664	110.91	110.55	110.63	0		
25/02/2019 00:00	110.765	111.236	110.57	111.046	0		
26/02/2019 00:00	111.065	111.085	110.38	110.582	0		
27/02/2019 00:00	110.574	111.12	110.35	110.955	0		
28/02/2019 00:00	110.945	111.495	110.65	111.383	0		
01/03/2019 00:00	111.38	112.077	111.326	111.89	0		
04/03/2019 00:00	111.825	112.013	111.635	111.745	0		
05/03/2019 00:00	111.752	112.138	111.715	111.874	0		
06/03/2019 00:00	111.899	111.92	111.61	111.736	0		
07/03/2019 00:00	111.724	111.858	111.481	111.611	0		
08/03/2019 00:00	111.62	111.652	110.788	111.355	0		
11/03/2019 00:00	111.085	111.35	110.87	111.27	0		
12/03/2019 00:00	111.295	111.47	111.105	111.314	0		
13/03/2019 00:00	111.313	111.47	111.003	111.25	0		
14/03/2019 00:00	111.266	111.85	111.135	111.676	0		
15/03/2019 00:00	111.67	111.94	111.35	111.47	0		
18/03/2019 00:00	111.67	111.94	111.29	111.413	0		
19/03/2019 00:00	111.407	111.477	111.13	111.37	0		
20/03/2019 00:00	111.372	111.74	110.53	110.725	0		
21/03/2019 00:00	110.721	110.959	110.295	110.784	0		
22/03/2019 00:00	110.783	110.898	109.71	109.915	0		
25/03/2019 00:00	109.98	110.241	109.706	109.998	0		
26/03/2019 00:00	110.022	110.691	109.99	110.557	0		
27/03/2019 00:00	110.542	110.713	110.23	110.472	0		
28/03/2019 00:00	110.494	110.833	110.015	110.652	0		
29/03/2019 00:00	110.65	110.98	110.51	110.858	0		
01/04/2019 00:00	110.9	111.47	110.81	111.417	0		
02/04/2019 00:00	111.425	111.457	111.249	111.34	0		
03/04/2019 00:00	111.34	111.576	111.205	111.456	0		
04/04/2019 00:00	111.46	111.69	111.33	111.623	0		
05/04/2019 00:00	111.624	111.823	111.546	111.715	0		
08/04/2019 00:00	111.685	111.731	111.275	111.485	0		
09/04/2019 00:00	111.48	111.579	110.98	111.149	0		
10/04/2019 00:00	111.151	111.281	110.843	110.92	0		
11/04/2019 00:00	110.94	111.74	110.91	111.625	0		
12/04/2019 00:00	111.632	112.094	111.55	112.035	0		
15/04/2019 00:00	111.985	112.097	111.885	111.985	0		
16/04/2019 00:00	112	112.08	111.845	112.01	0		
17/04/2019 00:00	112.004	112.17	111.91	112.056	0		
18/04/2019 00:00	112.034	112.09	111.764	111.98	0		
23/04/2019 00:00	111.988	112.035	111.89	111.87	0		
24/04/2019 00:00	111.872	112.405	111.68	112.1	0		
25/04/2019 00:00	112.09	112.239	111.365	111.585	0		
26/04/2019 00:00	111.587	112.017	111.355	111.59	0		
29/04/2019 00:00	111.58	111.898	111.565	111.65	0		
30/04/2019 00:00	111.64	111.69	111.21	111.428	0		
01/05/2019 00:00	111.44	111.613	111.05	111.402	0		
02/05/2019 00:00	111.421	111.67	111.345	111.503	0		
03/05/2019 00:00	111.512	111.7	111.02	111.26	0		
06/05/2019 00:00	110.6	110.96	110.26	110.662	0		
07/05/2019 00:00	110.684	110.9	110.16	110.265	0		
08/05/2019 00:00	110.273	110.29	109.895	110.101	0		
09/05/2019 00:00	110.102	110.105	109.465	109.742	0		
10/05/2019 00:00	109.747	110.085	109.475	109.665	0		
13/05/2019 00:00	109.8	109.825	109.01	109.255	0		
14/05/2019 00:00	109.224	109.774	109.145	109.636	0		
15/05/2019 00:00	109.648	109.709	109.15	109.584	0		
16/05/2019 00:00	109.584	109.97	109.33	109.856	0		
17/05/2019 00:00	109.869	110.205	109.49	110.015	0		
20/05/2019 00:00	110.06	110.319	109.806	110.091	0		
21/05/2019 00:00	110.085	110.677	110.015	110.53	0		
22/05/2019 00:00	110.534	110.63	110.23	110.345	0		
23/05/2019 00:00	110.325	110.37	109.455	109.618	0		
24/05/2019 00:00	109.61	110.02	109.245	109.315	0		
27/05/2019 00:00	109.61	109.583	109.245	109.508	0		
28/05/2019 00:00	109.511	109.632	109.21	109.369	0		
29/05/2019 00:00	109.367	109.7	109.147	109.577	0		
30/05/2019 00:00	109.367	109.93	109.46	109.614	0		
31/05/2019 00:00	109.612	109.63	108.233	108.385	0		
03/06/2019 00:00	108.325	108.45	107.885	108.064	0		
04/06/2019 00:00	108.045	108.37	107.8	108.164	0		
05/06/2019 00:00	108.154	108.49	107.81	108.409	0		
06/06/2019 00:00	108.41	108.564	108.03	108.366	0		
07/06/2019 00:00	108.364	108.614	107.85	108.185	0		
10/06/2019 00:00	108.47	108.717	108.328	108.454	0		
11/06/2019 00:00	108.434	108.805	108.345	108.549	0		
12/06/2019 00:00	108.565	108.565	108.21	108.483	0		
13/06/2019 00:00	108.476	108.539	108.163	108.384	0		
14/06/2019 00:00	108.373	108.59	108.15	108.555	0		
17/06/2019 00:00	108.5	108.728	108.48	108.552	0		
18/06/2019 00:00	108.557	108.7	108.059	108.461	0		
19/06/2019 00:00	108.463	108.618	107.899	108.068	0		
20/06/2019 00:00	108.066	108.143	107.21	107.305	0		
21/06/2019 00:00	107.303	107.736	107.045	107.305	0		
24/06/2019 00:00	107.304	107.536	107.245	107.307	0		
25/06/2019 00:00	107.301	107.41	106.775	107.153	0		
26/06/2019 00:00	107.153	107.85	107.09	107.767	0		
27/06/2019 00:00	107.762	108.165	107.61	107.763	0		
28/06/2019 00:00	107.762	107.948	107.44	107.895	0		
01/07/2019 00:00	108.085	108.55	108.06	108.431	0		
02/07/2019 00:00	108.43	108.49	107.764	107.888	0		
03/07/2019 00:00	107.875	107.91	107.53	107.805	0		
04/07/2019 00:00	107.815	107.85	107.705	107.826	0		
05/07/2019 00:00	107.81	108.825	107.775	108.465	0		
08/07/2019 00:00	108.42	108.805	108.275	108.698	0		
09/07/2019 00:00	108.686	108.97	108.68	108.844	0		
10/07/2019 00:00	108.845	109.04	108.39	108.408	0		
11/07/2019 00:00	108.41	108.532	107.855	108.49	0		
12/07/2019 00:00	108.49	108.61	107.78	108.1	0		
15/07/2019 00:00	107.88	108.11	107.83	107.885	0		
16/07/2019 00:00	107.885	108.376	107.822	108.22	0		
17/07/2019 00:00	108.222	108.37	107.86	107.905	0		
18/07/2019 00:00	107.904	108.017	107.21	107.296	0		
19/07/2019 00:00	107.28	108	107.21	107.715	0		
22/07/2019 00:00	107.745	108.07	107.695	107.885	0		
23/07/2019 00:00	107.889	108.31	107.829	108.225	0		
24/07/2019 00:00	108.228	108.278	107.939	108.145	0		
25/07/2019 00:00	108.137	108.753	108.042	108.62	0		
26/07/2019 00:00	108.631	108.83	108.47	108.475	0		
29/07/2019 00:00	108.68	108.905	108.415	108.825	0		
30/07/2019 00:00	108.825	108.95	108.44	108.6	0		
31/07/2019 00:00	108.604	108.999	108.49	108.745	0		
01/08/2019 00:00	108.75	109.321	107.21	107.315	0		
02/08/2019 00:00	107.343	107.57	106.47	106.585	0		
05/08/2019 00:00	106.6	106.681	105.784	105.96	0		
06/08/2019 00:00	105.81	107.09	105.521	106.459	0		
07/08/2019 00:00	106.445	106.465	105.47	106.211	0		
08/08/2019 00:00	106.201	106.304	105.68	105.848	0		
09/08/2019 00:00	105.838	106.078	105.27	105.675	0		
12/08/2019 00:00	105.615	105.69	105.045	105.223	0		
13/08/2019 00:00	105.213	106.975	105.067	106.728	0		
14/08/2019 00:00	106.727	106.745	105.649	105.77	0		
15/08/2019 00:00	105.774	106.78	105.703	106.113	0		
16/08/2019 00:00	106.12	106.495	106.025	106.375	0		
19/08/2019 00:00	106.335	106.698	106.245	106.599	0		
20/08/2019 00:00	106.601	106.693	106.17	106.256	0		
21/08/2019 00:00	106.26	106.65	106.225	106.598	0		
22/08/2019 00:00	106.597	106.653	106.25	106.397	0		
23/08/2019 00:00	106.419	106.735	104.825	105.405	0		
26/08/2019 00:00	104.92	106.413	104.456	106.103	0		
27/08/2019 00:00	106.131	106.154	105.595	105.755	0		
28/08/2019 00:00	105.755	106.23	105.65	106.043	0		
29/08/2019 00:00	106	106.62	105.828	106.501	0		
30/08/2019 00:00	106.505	106.55	106.06	106.23	0		
02/09/2019 00:00	106.03	106.4	105.92	106.218	0		
03/09/2019 00:00	106.215	106.385	105.73	105.936	0		
04/09/2019 00:00	105.933	106.48	105.83	106.367	0		
05/09/2019 00:00	106.384	107.232	106.325	106.944	0		
06/09/2019 00:00	106.384	107.535	106.615	106.915	0		
09/09/2019 00:00	106.855	107.275	106.755	107.25	0		
10/09/2019 00:00	107.256	107.59	107.184	107.54	0		
11/09/2019 00:00	107.525	107.86	107.495	107.82	0		
12/09/2019 00:00	107.813	108.21	107.515	108.092	0		
13/09/2019 00:00	108.093	108.27	107.915	107.92	0		
16/09/2019 00:00	107.64	108.2	107.49	108.125	0		
17/09/2019 00:00	108.105	108.37	108.015	108.12	0		
18/09/2019 00:00	108.12	108.485	108.056	108.399	0		
19/09/2019 00:00	108.41	108.475	107.77	108.01	0		
20/09/2019 00:00	108.41	108.09	107.51	107.79	0		
23/09/2019 00:00	107.676	107.76	107.31	107.542	0		
24/09/2019 00:00	107.523	107.797	106.955	107.094	0		
25/09/2019 00:00	107.113	107.89	106.995	107.77	0		
26/09/2019 00:00	107.764	107.959	107.41	107.822	0		
27/09/2019 00:00	107.833	108.183	107.65	107.92	0		
30/09/2019 00:00	108	108.179	107.745	108.082	0		
01/10/2019 00:00	108.085	108.47	107.625	107.76	0		
02/10/2019 00:00	107.759	107.895	107.045	107.163	0		
03/10/2019 00:00	107.164	107.32	106.487	106.86	0		
04/10/2019 00:00	106.873	107.235	106.592	106.935	0		
07/10/2019 00:00	106.7	107.466	106.65	107.232	0		
08/10/2019 00:00	107.232	107.46	106.81	107.068	0		
09/10/2019 00:00	107.066	107.63	106.93	107.479	0		
10/10/2019 00:00	107.469	108.03	107.029	107.881	0		
11/10/2019 00:00	107.865	108.65	107.845	108.384	0		
14/10/2019 00:00	108.375	108.53	108.03	108.388	0		
15/10/2019 00:00	108.386	108.91	108.15	108.838	0		
16/10/2019 00:00	108.845	108.87	108.56	108.705	0		
17/10/2019 00:00	108.726	108.94	108.45	108.623	0		
18/10/2019 00:00	108.627	108.725	108.33	108.52	0		
21/10/2019 00:00	108.42	108.664	108.285	108.57	0		
22/10/2019 00:00	108.588	108.727	108.439	108.47	0		
23/10/2019 00:00	108.485	108.74	108.247	108.669	0		
24/10/2019 00:00	108.665	108.752	108.49	108.619	0		
25/10/2019 00:00	108.64	108.775	108.505	108.665	0		
28/10/2019 00:00	108.705	109.04	108.65	108.965	0		
29/10/2019 00:00	108.97	109.07	108.749	108.874	0		
30/10/2019 00:00	108.871	109.29	108.715	108.832	0		
31/10/2019 00:00	108.818	108.87	107.925	108.021	0		
01/11/2019 00:00	108.031	108.33	107.888	108.193	0		
04/11/2019 00:00	108.22	108.67	108.205	108.581	0		
05/11/2019 00:00	108.586	109.29	108.564	109.164	0		
06/11/2019 00:00	109.163	109.19	108.81	108.969	0		
07/11/2019 00:00	108.963	109.49	108.646	109.315	0		
08/11/2019 00:00	109.31	109.476	109.07	109.247	0		
11/11/2019 00:00	109.225	109.256	108.89	109.046	0		
12/11/2019 00:00	109.053	109.293	108.924	108.97	0		
13/11/2019 00:00	108.973	109.15	108.62	108.795	0		
14/11/2019 00:00	108.795	108.865	108.245	108.402	0		
15/11/2019 00:00	108.402	108.856	108.383	108.774	0		
18/11/2019 00:00	108.765	109.075	108.51	108.659	0		
19/11/2019 00:00	108.662	108.84	108.42	108.541	0		
20/11/2019 00:00	108.54	108.742	108.349	108.455	0		
21/11/2019 00:00	108.459	108.697	108.275	108.607	0		
22/11/2019 00:00	108.614	108.732	108.47	108.639	0		
25/11/2019 00:00	108.68	108.979	108.66	108.95	0		
26/11/2019 00:00	108.93	109.25	108.87	109.05	0		
27/11/2019 00:00	109.06	109.61	109.035	109.534	0		
28/11/2019 00:00	109.53	109.57	109.33	109.52	0		
29/11/2019 00:00	109.515	109.67	109.39	109.504	0		
02/12/2019 00:00	109.51	109.75	108.91	109.021	0		
03/12/2019 00:00	109.026	109.21	108.45	108.652	0		
04/12/2019 00:00	108.65	108.965	108.43	108.851	0		
05/12/2019 00:00	108.858	108.997	108.65	108.735	0		
06/12/2019 00:00	108.738	108.924	108.519	108.589	0		
09/12/2019 00:00	108.585	108.68	108.425	108.581	0		
10/12/2019 00:00	108.584	108.81	108.51	108.79	0		
11/12/2019 00:00	108.794	108.856	108.468	108.556	0		
12/12/2019 00:00	108.546	109.585	108.45	109.452	0		
13/12/2019 00:00	109.531	109.71	109.205	109.366	0		
16/12/2019 00:00	109.36	109.69	109.345	109.577	0		
17/12/2019 00:00	109.58	109.64	109.435	109.52	0		
18/12/2019 00:00	109.515	109.66	109.395	109.574	0		
19/12/2019 00:00	109.576	109.7	109.175	109.381	0		
20/12/2019 00:00	109.377	109.53	109.25	109.45	0		
23/12/2019 00:00	109.465	109.54	109.33	109.398	0		
24/12/2019 00:00	109.405	109.48	109.32	109.395	0		
27/12/2019 00:00	109.395	109.592	109.385	109.44	0		
30/12/2019 00:00	109.445	109.475	108.764	108.885	0		
31/12/2019 00:00	108.877	108.885	108.47	108.698	0		
02/01/2020 00:00	108.674	108.865	108.212	108.549	0		
03/01/2020 00:00	108.556	108.631	107.843	108.12	0		
06/01/2020 00:00	107.845	108.51	107.77	108.388	0		
07/01/2020 00:00	107.845	108.631	108.266	108.48	0		
08/01/2020 00:00	108.475	109.25	107.65	109.111	0		
09/01/2020 00:00	109.085	109.582	109.01	109.507	0		
10/01/2020 00:00	109.465	109.72	109.43	109.48	0		
13/01/2020 00:00	109.535	109.99	109.5	109.93	0		
14/01/2020 00:00	109.932	110.25	109.85	109.99	0		
15/01/2020 00:00	109.99	110.02	109.77	109.875	0		
16/01/2020 00:00	109.888	110.23	109.85	110.165	0		
17/01/2020 00:00	110.158	110.29	110.046	110.14	0		
20/01/2020 00:00	110.145	110.24	110.12	110.167	0		
21/01/2020 00:00	110.17	110.26	109.755	109.861	0		
22/01/2020 00:00	109.863	110.097	109.77	109.825	0		
23/01/2020 00:00	109.827	109.845	109.267	109.528	0		
24/01/2020 00:00	109.54	109.653	109.17	109.278	0		
27/01/2020 00:00	108.94	109.14	108.73	108.906	0		
28/01/2020 00:00	108.908	109.25	108.75	109.225	0		
29/01/2020 00:00	109.253	109.259	108.95	109.031	0		
30/01/2020 00:00	109.014	109.07	108.575	108.93	0		
31/01/2020 00:00	108.927	109.15	108.28	108.36	0		
03/02/2020 00:00	108.345	108.8	108.325	108.651	0		
04/02/2020 00:00	108.661	109.58	108.55	109.465	0		
05/02/2020 00:00	109.455	109.85	109.302	109.808	0		
06/02/2020 00:00	109.794	110.07	109.765	109.99	0		
07/02/2020 00:00	109.988	110.016	109.53	109.675	0		
10/02/2020 00:00	109.74	109.879	109.555	109.779	0		
11/02/2020 00:00	109.769	109.97	109.725	109.787	0		
12/02/2020 00:00	109.791	110.13	109.76	110.081	0		
13/02/2020 00:00	110.08	110.09	109.61	109.819	0		
14/02/2020 00:00	109.823	109.913	109.69	109.763	0		
17/02/2020 00:00	109.77	109.965	109.71	109.825	0		
18/02/2020 00:00	109.854	109.95	109.64	109.865	0		
19/02/2020 00:00	109.855	111.592	109.85	111.274	0		
20/02/2020 00:00	111.274	112.23	111.11	112.053	0		
21/02/2020 00:00	112.063	112.19	111.47	111.708	0		
24/02/2020 00:00	111.485	111.683	110.33	110.682	0		
25/02/2020 00:00	110.675	111.042	109.89	110.202	0		
26/02/2020 00:00	110.208	110.701	110.129	110.4	0		
27/02/2020 00:00	110.41	110.5	109.323	109.51	0		
28/02/2020 00:00	109.534	109.683	107.51	108.089	0		
02/03/2020 00:00	107.525	108.578	107.38	108.337	0		
03/03/2020 00:00	108.312	108.536	106.93	107.177	0		
04/03/2020 00:00	107.159	107.71	106.849	107.579	0		
05/03/2020 00:00	107.565	107.75	105.97	106.141	0		
06/03/2020 00:00	106.165	106.345	104.99	105.374	0		
09/03/2020 00:00	103.765	104.28	101.185	102.26	0		
10/03/2020 00:00	102.365	105.921	102.305	105.125	0		
11/03/2020 00:00	105.085	105.335	104.096	104.67	0		
12/03/2020 00:00	104.68	106.102	103.095	104.835	0		
13/03/2020 00:00	104.821	108.503	104.49	107.615	0		
16/03/2020 00:00	106.46	107.61	105.146	106.22	0		
17/03/2020 00:00	106.2	107.861	106.077	107.26	0		
18/03/2020 00:00	107.24	108.653	106.756	108.045	0		
19/03/2020 00:00	108.08	110.955	107.995	110.84	0		
20/03/2020 00:00	110.86	112.22	109.335	111.03	0		
23/03/2020 00:00	111.215	111.62	109.67	111.259	0		
24/03/2020 00:00	111.215	111.715	110.08	111.135	0		
25/03/2020 00:00	111.133	111.676	110.75	111.025	0		
26/03/2020 00:00	110.994	111.03	109.2	109.34	0		
27/03/2020 00:00	109.263	109.395	107.445	107.933	0		
30/03/2020 00:00	107.8	108.295	107.117	107.832	0		
31/03/2020 00:00	107.845	108.73	107.453	107.558	0		
01/04/2020 00:00	107.509	107.943	106.915	107.165	0		
02/04/2020 00:00	107.108	108.095	107.01	107.843	0		
03/04/2020 00:00	107.849	108.675	107.794	108.485	0		
06/04/2020 00:00	108.445	109.381	108.4	109.223	0		
07/04/2020 00:00	108.445	109.381	108.67	108.784	0		
08/04/2020 00:00	108.776	109.1	108.5	108.842	0		
09/04/2020 00:00	108.835	109.07	108.205	108.453	0		
14/04/2020 00:00	108.461	108.595	106.982	107.176	0		
15/04/2020 00:00	107.155	107.87	106.929	107.355	0		
16/04/2020 00:00	107.383	108.09	107.168	108.035	0		
17/04/2020 00:00	107.995	108.078	107.299	107.525	0		
20/04/2020 00:00	107.565	107.955	107.485	107.611	0		
21/04/2020 00:00	107.611	107.895	107.283	107.715	0		
22/04/2020 00:00	107.731	107.938	107.524	107.773	0		
23/04/2020 00:00	107.74	108.045	107.345	107.611	0		
24/04/2020 00:00	107.612	107.759	107.365	107.515	0		
27/04/2020 00:00	107.53	107.63	106.99	107.254	0		
28/04/2020 00:00	107.26	107.344	106.555	106.87	0		
29/04/2020 00:00	106.851	106.9	106.35	106.628	0		
30/04/2020 00:00	106.655	107.5	106.41	107.16	0		
04/05/2020 00:00	107.159	107.071	106.63	106.751	0		
05/05/2020 00:00	106.761	106.896	106.405	106.555	0		
06/05/2020 00:00	106.541	106.57	105.988	106.094	0		
07/05/2020 00:00	106.082	106.661	105.989	106.312	0		
08/05/2020 00:00	106.3	106.77	106.22	106.67	0		
11/05/2020 00:00	106.665	107.8	106.615	107.655	0		
12/05/2020 00:00	107.651	107.694	107.07	107.161	0		
13/05/2020 00:00	107.169	107.279	106.742	107.059	0		
14/05/2020 00:00	107.052	107.37	106.77	107.232	0		
15/05/2020 00:00	107.221	107.435	106.85	107.07	0		
18/05/2020 00:00	107.095	107.51	107.07	107.316	0		
19/05/2020 00:00	107.323	108.1	107.287	107.7	0		
20/05/2020 00:00	107.741	107.99	107.33	107.549	0		
21/05/2020 00:00	107.557	107.85	107.508	107.644	0		
22/05/2020 00:00	107.64	107.78	107.315	107.637	0		
25/05/2020 00:00	107.6	107.782	107.565	107.708	0		
26/05/2020 00:00	107.711	107.94	107.403	107.543	0		
27/05/2020 00:00	107.533	107.951	107.365	107.7	0		
28/05/2020 00:00	107.706	107.901	107.56	107.62	0		
29/05/2020 00:00	107.618	107.895	107.084	107.8	0		
01/06/2020 00:00	107.675	107.856	107.375	107.625	0		
02/06/2020 00:00	107.656	108.8	107.51	108.673	0		
03/06/2020 00:00	108.673	108.985	108.415	108.914	0		
04/06/2020 00:00	108.904	109.2	108.619	109.116	0		
05/06/2020 00:00	109.114	109.852	109.03	109.6	0		
08/06/2020 00:00	109.6	109.695	108.23	108.405	0		
09/06/2020 00:00	108.4	108.55	107.621	107.752	0		
10/06/2020 00:00	107.717	107.823	106.99	107.114	0		
11/06/2020 00:00	107.12	107.235	106.57	106.819	0		
12/06/2020 00:00	106.812	107.553	106.585	107.36	0		
15/06/2020 00:00	106.812	107.553	106.585	107.349	0		
16/06/2020 00:00	107.362	107.64	107.21	107.321	0		
17/06/2020 00:00	107.295	107.45	106.95	107.012	0		
18/06/2020 00:00	107.005	107.15	106.665	106.963	0		
19/06/2020 00:00	106.96	107.059	106.77	106.865	0		
22/06/2020 00:00	106.815	107.012	106.755	106.92	0		
23/06/2020 00:00	106.92	107.221	106.07	106.491	0		
24/06/2020 00:00	106.495	107.072	106.384	107.043	0		
25/06/2020 00:00	107.032	107.452	107.005	107.207	0		
26/06/2020 00:00	107.185	107.37	106.795	107.226	0		
29/06/2020 00:00	107.155	107.89	107.02	107.572	0		
30/06/2020 00:00	107.551	107.992	107.524	107.955	0		
01/07/2020 00:00	107.95	108.164	107.363	107.466	0		
02/07/2020 00:00	107.46	107.73	107.325	107.538	0		
03/07/2020 00:00	107.534	107.571	107.425	107.515	0		
06/07/2020 00:00	107.559	107.775	107.25	107.38	0		
07/07/2020 00:00	107.358	107.795	107.245	107.548	0		
08/07/2020 00:00	107.545	107.711	107.202	107.289	0		
09/07/2020 00:00	107.299	107.398	107.085	107.237	0		
10/07/2020 00:00	107.236	107.27	106.65	106.925	0		
13/07/2020 00:00	106.915	107.319	106.775	107.272	0		
14/07/2020 00:00	107.261	107.431	107.11	107.256	0		
15/07/2020 00:00	107.26	107.315	106.655	106.935	0		
16/07/2020 00:00	106.939	107.41	106.83	107.287	0		
17/07/2020 00:00	107.299	107.363	106.93	107.045	0		
20/07/2020 00:00	107.09	107.54	107.005	107.24	0		
21/07/2020 00:00	107.248	107.37	106.685	106.805	0		
22/07/2020 00:00	106.793	107.291	106.71	107.166	0		
23/07/2020 00:00	107.155	107.235	106.71	106.823	0		
24/07/2020 00:00	106.84	106.895	105.675	105.978	0		
27/07/2020 00:00	106.05	106.06	105.1	105.376	0		
28/07/2020 00:00	105.386	105.69	104.95	105.086	0		
29/07/2020 00:00	105.066	105.243	104.77	104.947	0		
30/07/2020 00:00	104.947	105.295	104.68	104.796	0		
31/07/2020 00:00	104.807	106.055	104.189	105.835	0		
03/08/2020 00:00	105.805	106.473	105.575	105.981	0		
04/08/2020 00:00	106	106.2	105.63	105.714	0		
05/08/2020 00:00	105.709	105.873	105.315	105.568	0		
06/08/2020 00:00	105.595	105.705	105.295	105.52	0		
07/08/2020 00:00	105.518	106.051	105.475	105.92	0		
10/08/2020 00:00	105.895	106.202	105.71	105.937	0		
11/08/2020 00:00	105.933	106.585	105.91	106.531	0		
12/08/2020 00:00	106.528	107.015	106.44	106.878	0		
13/08/2020 00:00	106.864	107.05	106.565	106.937	0		
14/08/2020 00:00	106.937	107.04	106.43	106.53	0		
17/08/2020 00:00	106.625	106.655	105.944	106.05	0		
18/08/2020 00:00	106.033	106.06	105.284	105.425	0		
19/08/2020 00:00	105.424	106.152	105.103	106.055	0		
20/08/2020 00:00	106.053	106.217	105.735	105.801	0		
21/08/2020 00:00	105.803	106.073	105.445	105.805	0		
24/08/2020 00:00	105.775	106.01	105.685	105.987	0		
25/08/2020 00:00	105.98	106.578	105.865	106.381	0		
26/08/2020 00:00	106.388	106.57	105.95	105.985	0		
27/08/2020 00:00	106.016	106.705	105.605	106.545	0		
28/08/2020 00:00	106.546	106.95	105.195	105.365	0		
31/08/2020 00:00	105.46	106.096	105.29	105.909	0		
01/09/2020 00:00	105.892	106.154	105.59	105.949	0		
02/09/2020 00:00	105.953	106.305	105.85	106.184	0		
03/09/2020 00:00	106.163	106.551	105.995	106.161	0		
04/09/2020 00:00	106.158	106.51	106.05	106.24	0		
07/09/2020 00:00	106.255	106.39	106.13	106.288	0		
08/09/2020 00:00	106.277	106.385	105.86	105.955	0		
09/09/2020 00:00	105.966	106.274	105.79	106.2	0		
10/09/2020 00:00	106.197	106.303	105.915	106.136	0		
11/09/2020 00:00	106.148	106.265	106.055	106.155	0		
14/09/2020 00:00	106.09	106.17	105.549	105.712	0		
15/09/2020 00:00	105.7	105.815	105.295	105.429	0		
16/09/2020 00:00	105.426	105.44	104.804	104.955	0		
17/09/2020 00:00	104.947	105.173	104.526	104.752	0		
18/09/2020 00:00	104.755	104.871	104.27	104.56	0		
21/09/2020 00:00	104.555	104.899	103.995	104.684	0		
22/09/2020 00:00	104.693	105.074	104.395	104.93	0		
23/09/2020 00:00	104.934	105.496	104.905	105.339	0		
24/09/2020 00:00	105.338	105.57	105.205	105.415	0		
25/09/2020 00:00	105.408	105.7	105.24	105.568	0		
28/09/2020 00:00	105.596	105.67	105.25	105.509	0		
29/09/2020 00:00	105.5	105.734	105.345	105.653	0		
30/09/2020 00:00	105.667	105.83	105.385	105.445	0		
01/10/2020 00:00	105.454	105.745	105.385	105.55	0		
02/10/2020 00:00	105.553	105.69	104.944	105.34	0		
05/10/2020 00:00	105.46	105.796	105.405	105.735	0		
06/10/2020 00:00	105.733	105.79	105.47	105.625	0		
07/10/2020 00:00	105.635	106.11	105.595	105.964	0		
08/10/2020 00:00	105.974	106.105	105.923	106.023	0		
09/10/2020 00:00	106.03	106.045	105.575	105.635	0		
12/10/2020 00:00	105.735	105.74	105.235	105.348	0		
13/10/2020 00:00	105.337	105.635	105.275	105.495	0		
14/10/2020 00:00	105.48	105.525	105.03	105.129	0		
15/10/2020 00:00	105.122	105.494	105.105	105.415	0		
16/10/2020 00:00	105.42	105.441	105.185	105.395	0		
19/10/2020 00:00	105.38	105.504	105.285	105.434	0		
20/10/2020 00:00	105.443	105.75	105.41	105.482	0		
21/10/2020 00:00	105.473	105.53	104.335	104.562	0		
22/10/2020 00:00	104.563	104.93	104.44	104.858	0		
23/10/2020 00:00	104.853	104.939	104.547	104.74	0		
26/10/2020 00:00	104.73	105.055	104.645	104.87	0		
27/10/2020 00:00	104.89	104.89	104.385	104.515	0		
28/10/2020 00:00	104.46	104.557	104.09	104.303	0		
29/10/2020 00:00	104.313	104.73	104.025	104.61	0		
30/10/2020 00:00	104.609	104.745	104.09	104.665	0		
02/11/2020 00:00	104.67	104.95	104.564	104.753	0		
03/11/2020 00:00	104.752	104.805	104.43	104.58	0		
04/11/2020 00:00	104.593	105.35	104.145	104.489	0		
05/11/2020 00:00	104.492	104.532	103.435	103.54	0		
06/11/2020 00:00	103.612	103.761	103.17	103.345	0		
09/11/2020 00:00	103.22	105.65	103.21	105.287	0		
10/11/2020 00:00	105.284	105.49	104.815	105.265	0		
11/11/2020 00:00	105.265	105.677	105.005	105.432	0		
12/11/2020 00:00	105.425	105.479	105.069	105.12	0		
13/11/2020 00:00	105.1	105.15	104.53	104.615	0		
16/11/2020 00:00	104.635	105.13	104.365	104.585	0		
17/11/2020 00:00	104.584	104.59	104.07	104.183	0		
18/11/2020 00:00	104.193	104.2	103.65	103.79	0		
19/11/2020 00:00	103.806	104.22	103.69	103.789	0		
20/11/2020 00:00	103.8	103.912	103.703	103.84	0		
23/11/2020 00:00	103.85	104.64	103.685	104.487	0		
24/11/2020 00:00	104.49	104.79	104.148	104.485	0		
25/11/2020 00:00	104.488	104.599	104.25	104.452	0		
26/11/2020 00:00	104.45	104.46	104.21	104.248	0		
27/11/2020 00:00	104.259	104.273	103.9	104.08	0		
30/11/2020 00:00	104.055	104.412	103.79	104.312	0		
01/12/2020 00:00	104.342	104.578	104.184	104.31	0		
02/12/2020 00:00	104.326	104.755	104.225	104.433	0		
03/12/2020 00:00	104.43	104.54	103.67	103.85	0		
04/12/2020 00:00	103.864	104.245	103.73	104.16	0		
07/12/2020 00:00	104.15	104.313	103.915	104.04	0		
08/12/2020 00:00	104.04	104.21	103.95	104.15	0		
09/12/2020 00:00	104.15	104.43	104.05	104.272	0		
10/12/2020 00:00	104.284	104.58	104.17	104.237	0		
11/12/2020 00:00	104.233	104.27	103.825	104.02	0		
14/12/2020 00:00	103.935	104.11	103.51	104.016	0		
15/12/2020 00:00	104.022	104.19	103.605	103.686	0		
16/12/2020 00:00	103.689	103.918	103.26	103.443	0		
17/12/2020 00:00	103.45	103.561	102.87	103.115	0		
18/12/2020 00:00	103.105	103.595	103.1	103.32	0		
21/12/2020 00:00	103.36	103.89	103.25	103.335	0		
22/12/2020 00:00	103.332	103.74	103.275	103.64	0		
23/12/2020 00:00	103.643	103.653	103.35	103.536	0		
24/12/2020 00:00	103.541	103.77	103.495	103.67	0		
28/12/2020 00:00	103.671	103.91	103.405	103.795	0		
29/12/2020 00:00	103.811	103.811	103.455	103.56	0		
30/12/2020 00:00	103.549	103.61	102.955	103.203	0		
31/12/2020 00:00	103.204	103.31	102.99	103.226	0		
04/01/2021 00:00	103.204	103.31	102.705	103.112	0		
05/01/2021 00:00	103.113	103.191	102.595	102.739	0		
06/01/2021 00:00	102.72	103.45	102.585	103.034	0		
07/01/2021 00:00	103.035	103.958	102.95	103.839	0		
08/01/2021 00:00	103.845	104.086	103.605	103.925	0		
11/01/2021 00:00	103.91	104.398	103.905	104.218	0		
12/01/2021 00:00	104.22	104.334	103.715	103.775	0		
13/01/2021 00:00	103.77	103.994	103.527	103.88	0		
14/01/2021 00:00	103.869	104.245	103.566	103.818	0		
15/01/2021 00:00	103.825	103.92	103.61	103.88	0		
18/01/2021 00:00	103.855	103.932	103.63	103.703	0		
19/01/2021 00:00	103.7	104.11	103.65	103.921	0		
20/01/2021 00:00	103.914	103.95	103.445	103.565	0		
21/01/2021 00:00	103.574	103.67	103.329	103.516	0		
22/01/2021 00:00	103.513	103.89	103.48	103.76	0		
25/01/2021 00:00	103.83	103.938	103.681	103.772	0		
26/01/2021 00:00	103.765	103.83	103.55	103.639	0		
27/01/2021 00:00	103.639	104.23	103.585	104.085	0		
28/01/2021 00:00	104.089	104.47	104.065	104.245	0		
29/01/2021 00:00	104.25	104.94	104.215	104.717	0		
01/02/2021 00:00	104.79	105.036	104.6	104.952	0		
02/02/2021 00:00	104.951	105.174	104.825	104.98	0		
03/02/2021 00:00	104.998	105.15	104.915	105.028	0		
04/02/2021 00:00	105.031	105.57	104.97	105.54	0		
05/02/2021 00:00	105.535	105.77	105.33	105.375	0		
08/02/2021 00:00	105.4	105.672	105.15	105.235	0		
09/02/2021 00:00	105.21	105.27	104.495	104.595	0		
10/02/2021 00:00	104.575	104.86	104.41	104.622	0		
11/02/2021 00:00	104.62	104.81	104.55	104.753	0		
12/02/2021 00:00	104.754	105.181	104.73	104.925	0		
15/02/2021 00:00	104.754	105.419	104.73	105.347	0		
16/02/2021 00:00	105.349	106.076	105.17	106.065	0		
17/02/2021 00:00	106.08	106.224	105.775	105.877	0		
18/02/2021 00:00	105.885	105.93	105.595	105.698	0		
19/02/2021 00:00	105.7	105.75	105.235	105.38	0		
22/02/2021 00:00	105.505	105.85	104.96	105.07	0		
23/02/2021 00:00	105.063	105.43	104.915	105.241	0		
24/02/2021 00:00	105.246	106.11	105.19	105.885	0		
25/02/2021 00:00	105.88	106.402	105.83	106.224	0		
26/02/2021 00:00	106.214	106.693	105.849	106.59	0		
01/03/2021 00:00	106.565	106.891	106.365	106.764	0		
02/03/2021 00:00	106.78	106.958	106.67	106.71	0		
03/03/2021 00:00	106.718	107.155	106.69	107	0		
04/03/2021 00:00	107	108.02	106.967	107.981	0		
05/03/2021 00:00	107.98	108.65	107.81	108.42	0		
08/03/2021 00:00	108.38	108.96	108.305	108.915	0		
09/03/2021 00:00	108.917	109.25	108.41	108.523	0		
10/03/2021 00:00	108.519	108.925	108.33	108.414	0		
11/03/2021 00:00	108.42	108.813	108.35	108.536	0		
12/03/2021 00:00	108.517	109.18	108.51	109.025	0		
15/03/2021 00:00	109.085	109.37	108.91	109.13	0		
16/03/2021 00:00	109.133	109.29	108.77	109.003	0		
17/03/2021 00:00	109.005	109.35	108.704	108.83	0		
18/03/2021 00:00	108.85	109.302	108.625	108.947	0		
19/03/2021 00:00	108.954	109.124	108.61	108.855	0		
22/03/2021 00:00	108.878	108.955	108.615	108.81	0		
23/03/2021 00:00	108.805	108.875	108.407	108.62	0		
24/03/2021 00:00	108.612	108.958	108.45	108.733	0		
25/03/2021 00:00	108.745	109.238	108.725	109.155	0		
26/03/2021 00:00	109.167	109.85	109.13	109.59	0		
29/03/2021 00:00	109.715	109.85	109.37	109.82	0		
30/03/2021 00:00	109.826	110.43	109.75	110.348	0		
31/03/2021 00:00	110.362	110.97	110.27	110.718	0		
01/04/2021 00:00	110.72	110.85	110.545	110.607	0		
06/04/2021 00:00	110.605	110.565	109.67	109.81	0		
07/04/2021 00:00	109.789	109.943	109.57	109.835	0		
08/04/2021 00:00	109.847	109.91	108.995	109.276	0		
09/04/2021 00:00	109.28	109.96	109.21	109.665	0		
12/04/2021 00:00	109.72	109.775	109.245	109.398	0		
13/04/2021 00:00	109.396	109.755	109.01	109.06	0		
14/04/2021 00:00	109.06	109.096	108.75	108.948	0		
15/04/2021 00:00	108.945	108.97	108.61	108.757	0		
16/04/2021 00:00	108.734	108.97	108.58	108.815	0		
19/04/2021 00:00	108.785	108.83	108.01	108.16	0		
20/04/2021 00:00	108.148	108.55	107.97	108.078	0		
21/04/2021 00:00	108.085	108.285	107.87	108.075	0		
22/04/2021 00:00	108.071	108.235	107.81	107.959	0		
23/04/2021 00:00	107.96	108.15	107.47	107.88	0		
26/04/2021 00:00	107.915	108.198	107.635	108.125	0		
27/04/2021 00:00	108.1	108.8	108.07	108.693	0		
28/04/2021 00:00	108.696	109.1	108.565	108.602	0		
29/04/2021 00:00	108.6	109.27	108.42	108.94	0		
30/04/2021 00:00	108.934	109.37	108.71	109.29	0		
03/05/2021 00:00	109.29	109.698	108.89	109.088	0		
04/05/2021 00:00	109.063	109.5	109.025	109.314	0		
05/05/2021 00:00	109.325	109.48	109.145	109.196	0		
06/05/2021 00:00	109.201	109.45	108.995	109.095	0		
07/05/2021 00:00	109.095	109.29	108.341	108.59	0		
10/05/2021 00:00	108.555	109.056	108.469	108.852	0		
11/05/2021 00:00	108.851	109.01	108.35	108.631	0		
12/05/2021 00:00	108.62	109.71	108.605	109.666	0		
13/05/2021 00:00	109.667	109.82	109.37	109.443	0		
14/05/2021 00:00	109.443	109.67	109.19	109.36	0		
17/05/2021 00:00	109.305	109.502	109.07	109.205	0		
18/05/2021 00:00	109.212	109.29	108.83	108.888	0		
19/05/2021 00:00	108.891	109.336	108.57	109.194	0		
20/05/2021 00:00	109.195	109.31	108.75	108.76	0		
21/05/2021 00:00	108.775	109.05	108.61	108.94	0		
24/05/2021 00:00	108.95	109.02	108.707	108.765	0		
25/05/2021 00:00	108.763	109.07	108.56	108.778	0		
26/05/2021 00:00	108.78	109.179	108.715	109.14	0		
27/05/2021 00:00	109.134	109.925	109.01	109.834	0		
28/05/2021 00:00	109.832	110.2	109.744	109.86	0		
31/05/2021 00:00	109.835	109.97	109.35	109.578	0		
01/06/2021 00:00	109.585	109.71	109.33	109.472	0		
02/06/2021 00:00	109.473	109.89	109.41	109.565	0		
03/06/2021 00:00	109.566	110.33	109.54	110.297	0		
04/06/2021 00:00	110.294	110.335	109.364	109.53	0		
07/06/2021 00:00	109.49	109.67	109.19	109.252	0		
08/06/2021 00:00	109.249	109.557	109.19	109.505	0		
09/06/2021 00:00	109.503	109.658	109.22	109.618	0		
10/06/2021 00:00	109.625	109.8	109.27	109.363	0		
11/06/2021 00:00	109.357	109.845	109.31	109.665	0		
14/06/2021 00:00	109.645	110.099	109.605	110.077	0		
15/06/2021 00:00	110.07	110.19	109.987	110.051	0		
16/06/2021 00:00	110.054	110.722	109.805	110.66	0		
17/06/2021 00:00	110.633	110.85	110.167	110.253	0		
18/06/2021 00:00	110.254	110.484	109.943	110.215	0		
21/06/2021 00:00	110.235	110.353	109.71	110.31	0		
22/06/2021 00:00	110.308	110.795	110.21	110.653	0		
23/06/2021 00:00	110.656	111.102	110.626	110.974	0		
24/06/2021 00:00	110.973	111.12	110.69	110.865	0		
25/06/2021 00:00	110.85	111.03	110.475	110.775	0		
28/06/2021 00:00	110.795	111.025	110.495	110.617	0		
29/06/2021 00:00	110.62	110.76	110.43	110.552	0		
30/06/2021 00:00	110.563	111.125	110.41	111.079	0		
01/07/2021 00:00	111.097	111.64	111.01	111.535	0		
02/07/2021 00:00	111.525	111.659	110.95	111.065	0		
05/07/2021 00:00	110.99	111.2	110.79	110.974	0		
06/07/2021 00:00	110.965	110.982	110.521	110.63	0		
07/07/2021 00:00	110.63	110.816	110.39	110.655	0		
08/07/2021 00:00	110.645	110.674	109.53	109.764	0		
09/07/2021 00:00	109.76	110.26	109.74	110.105	0		
12/07/2021 00:00	110.135	110.41	109.97	110.362	0		
13/07/2021 00:00	110.356	110.65	110.19	110.613	0		
14/07/2021 00:00	110.62	110.699	109.93	109.989	0		
15/07/2021 00:00	109.957	110.1	109.71	109.838	0		
16/07/2021 00:00	109.835	110.345	109.725	110.095	0		
19/07/2021 00:00	110.07	110.115	109.065	109.45	0		
20/07/2021 00:00	109.48	109.956	109.329	109.867	0		
21/07/2021 00:00	109.872	110.39	109.795	110.297	0		
22/07/2021 00:00	110.293	110.356	110.01	110.144	0		
23/07/2021 00:00	110.141	110.594	110.085	110.55	0		
26/07/2021 00:00	110.545	110.59	110.11	110.387	0		
27/07/2021 00:00	110.385	110.388	109.57	109.78	0		
28/07/2021 00:00	109.767	110.29	109.743	109.922	0		
29/07/2021 00:00	109.922	109.965	109.415	109.474	0		
30/07/2021 00:00	109.465	109.83	109.355	109.715	0		
02/08/2021 00:00	109.665	109.775	109.188	109.325	0		
03/08/2021 00:00	109.32	109.37	108.865	109.055	0		
04/08/2021 00:00	109.046	109.675	108.715	109.484	0		
05/08/2021 00:00	109.482	109.795	109.405	109.767	0		
06/08/2021 00:00	109.762	110.38	109.701	110.235	0		
09/08/2021 00:00	110.235	110.356	110.025	110.325	0		
10/08/2021 00:00	110.32	110.605	110.27	110.555	0		
11/08/2021 00:00	110.566	110.805	110.309	110.428	0		
12/08/2021 00:00	110.424	110.55	110.31	110.439	0		
13/08/2021 00:00	110.443	110.456	109.53	109.62	0		
16/08/2021 00:00	109.68	109.753	109.11	109.28	0		
17/08/2021 00:00	109.285	109.655	109.11	109.591	0		
18/08/2021 00:00	109.585	110.07	109.47	109.784	0		
19/08/2021 00:00	109.784	110.23	109.485	109.772	0		
20/08/2021 00:00	109.773	109.89	109.57	109.785	0		
23/08/2021 00:00	109.78	110.15	109.65	109.705	0		
24/08/2021 00:00	109.684	109.885	109.41	109.679	0		
25/08/2021 00:00	109.66	110.13	109.64	109.994	0		
26/08/2021 00:00	109.998	110.235	109.924	110.085	0		
27/08/2021 00:00	110.063	110.31	109.775	109.834	0		
30/08/2021 00:00	109.85	109.961	109.695	109.915	0		
31/08/2021 00:00	109.907	110.08	109.585	110.005	0		
01/09/2021 00:00	110.01	110.44	109.87	110.03	0		
02/09/2021 00:00	110.045	110.119	109.91	109.941	0		
03/09/2021 00:00	109.951	110.074	109.535	109.72	0		
06/09/2021 00:00	109.785	109.94	109.7	109.841	0		
07/09/2021 00:00	109.839	110.32	109.685	110.276	0		
08/09/2021 00:00	110.281	110.445	110.144	110.276	0		
09/09/2021 00:00	110.267	110.29	109.615	109.726	0		
10/09/2021 00:00	109.736	109.99	109.69	109.94	0		
13/09/2021 00:00	109.88	110.159	109.845	110.003	0		
14/09/2021 00:00	110.001	110.162	109.527	109.699	0		
15/09/2021 00:00	109.706	109.77	109.11	109.364	0		
16/09/2021 00:00	109.366	109.83	109.205	109.728	0		
17/09/2021 00:00	109.726	110.079	109.668	109.925	0		
20/09/2021 00:00	109.93	110.04	109.3	109.419	0		
21/09/2021 00:00	109.414	109.71	109.18	109.222	0		
22/09/2021 00:00	109.222	109.902	109.123	109.805	0		
23/09/2021 00:00	109.786	110.35	109.755	110.315	0		
24/09/2021 00:00	110.312	110.795	110.25	110.735	0		
27/09/2021 00:00	110.695	111.07	110.52	110.98	0		
28/09/2021 00:00	110.99	111.639	110.925	111.506	0		
29/09/2021 00:00	111.498	112.051	111.208	111.963	0		
30/09/2021 00:00	111.969	112.079	111.21	111.29	0		
01/10/2021 00:00	111.294	111.49	110.905	111.205	0		
04/10/2021 00:00	110.97	111.302	110.823	110.924	0		
05/10/2021 00:00	110.93	111.565	110.87	111.465	0		
06/10/2021 00:00	111.477	111.783	111.195	111.419	0		
07/10/2021 00:00	111.418	111.655	111.23	111.624	0		
08/10/2021 00:00	111.62	112.255	111.505	112.25	0		
11/10/2021 00:00	112.225	113.415	112.17	113.302	0		
12/10/2021 00:00	113.321	113.79	112.995	113.6	0		
13/10/2021 00:00	113.603	113.803	113.225	113.269	0		
14/10/2021 00:00	113.26	113.718	113.17	113.686	0		
15/10/2021 00:00	113.705	114.47	113.63	114.375	0		
18/10/2021 00:00	114.23	114.452	114.01	114.315	0		
19/10/2021 00:00	114.324	114.44	113.879	114.364	0		
20/10/2021 00:00	114.374	114.74	114.075	114.344	0		
21/10/2021 00:00	114.332	114.415	113.65	113.983	0		
22/10/2021 00:00	114	114.21	113.39	113.565	0		
25/10/2021 00:00	113.53	113.93	113.465	113.706	0		
26/10/2021 00:00	113.707	114.314	113.69	114.149	0		
27/10/2021 00:00	114.153	114.23	113.389	113.818	0		
28/10/2021 00:00	113.818	113.87	113.25	113.577	0		
29/10/2021 00:00	113.577	114.097	113.39	113.905	0		
01/11/2021 00:00	114.125	114.48	113.93	114.058	0		
02/11/2021 00:00	114.058	114.15	113.455	113.993	0		
03/11/2021 00:00	113.975	114.217	113.715	114.005	0		
04/11/2021 00:00	113.97	114.28	113.505	113.838	0		
05/11/2021 00:00	113.819	114.03	113.295	113.425	0		
08/11/2021 00:00	113.42	113.67	113.075	113.243	0		
09/11/2021 00:00	113.254	113.292	112.725	112.898	0		
10/11/2021 00:00	112.904	114.02	112.77	113.887	0		
11/11/2021 00:00	113.87	114.19	113.807	114.056	0		
12/11/2021 00:00	114.059	114.31	113.755	113.86	0		
15/11/2021 00:00	113.98	114.214	113.75	114.137	0		
16/11/2021 00:00	114.139	114.85	114.1	114.825	0		
17/11/2021 00:00	114.819	114.97	113.938	114.151	0		
18/11/2021 00:00	114.146	114.482	113.87	114.256	0		
19/11/2021 00:00	114.26	114.54	113.585	114.02	0		
22/11/2021 00:00	114.03	114.965	114.015	114.86	0		
23/11/2021 00:00	114.853	115.189	114.485	115.105	0		
24/11/2021 00:00	115.107	115.519	114.825	115.42	0		
25/11/2021 00:00	115.425	115.46	115.235	115.345	0		
26/11/2021 00:00	115.346	115.375	113.05	113.355	0		
29/11/2021 00:00	113.51	113.957	112.99	113.597	0		
30/11/2021 00:00	113.611	113.891	112.53	113.181	0		
01/12/2021 00:00	113.188	113.63	112.64	112.779	0		
02/12/2021 00:00	112.778	113.332	112.71	113.207	0		
03/12/2021 00:00	113.21	113.613	112.55	112.81	0		
06/12/2021 00:00	112.885	113.553	112.85	113.505	0		
07/12/2021 00:00	113.496	113.785	113.401	113.569	0		
08/12/2021 00:00	113.567	113.955	113.31	113.738	0		
09/12/2021 00:00	113.74	113.85	113.27	113.469	0		
10/12/2021 00:00	113.471	113.8	113.225	113.385	0		
13/12/2021 00:00	113.468	113.73	113.37	113.59	0		
14/12/2021 00:00	113.597	113.761	113.428	113.747	0		
15/12/2021 00:00	113.734	114.27	113.6	114.045	0		
16/12/2021 00:00	114.06	114.25	113.555	113.7	0		
17/12/2021 00:00	113.731	113.855	113.141	113.725	0		
20/12/2021 00:00	113.715	113.732	113.325	113.655	0		
21/12/2021 00:00	113.653	114.225	113.55	114.078	0		
22/12/2021 00:00	114.084	114.38	113.95	114.111	0		
23/12/2021 00:00	114.115	114.47	114.09	114.418	0		
24/12/2021 00:00	114.429	114.514	114.303	114.371	0		
27/12/2021 00:00	114.365	114.916	114.31	114.886	0		
28/12/2021 00:00	114.888	114.955	114.69	114.808	0		
29/12/2021 00:00	114.815	115.038	114.67	114.962	0		
30/12/2021 00:00	114.973	115.21	114.94	115.061	0		
31/12/2021 00:00	115.068	115.161	115.005	115.142	0		
03/01/2022 00:00	115.09	115.37	114.945	115.351	0		
04/01/2022 00:00	115.346	116.35	115.29	116.145	0		
05/01/2022 00:00	116.147	116.25	115.615	116.132	0		
06/01/2022 00:00	116.14	116.195	115.625	115.855	0		
07/01/2022 00:00	115.854	116.05	115.515	115.625	0		
10/01/2022 00:00	115.625	115.851	115.048	115.22	0		
11/01/2022 00:00	115.225	115.681	115.125	115.319	0		
12/01/2022 00:00	115.325	115.475	114.375	114.666	0		
13/01/2022 00:00	114.679	114.74	113.995	114.19	0		
14/01/2022 00:00	114.185	114.27	113.484	114.22	0		
17/01/2022 00:00	114.24	114.65	114.19	114.615	0		
18/01/2022 00:00	114.607	115.058	114.445	114.605	0		
19/01/2022 00:00	114.595	114.79	114.208	114.352	0		
20/01/2022 00:00	114.357	114.55	113.964	114.111	0		
21/01/2022 00:00	114.101	114.125	113.605	113.68	0		
24/01/2022 00:00	113.778	114.005	113.47	113.972	0		
25/01/2022 00:00	113.971	114.16	113.67	113.892	0		
26/01/2022 00:00	113.881	114.696	113.77	114.656	0		
27/01/2022 00:00	114.67	115.49	114.47	115.325	0		
28/01/2022 00:00	115.316	115.69	115.123	115.28	0		
31/01/2022 00:00	115.32	115.593	114.924	115.141	0		
01/02/2022 00:00	115.135	115.21	114.565	114.698	0		
02/02/2022 00:00	114.698	114.805	114.158	114.445	0		
03/02/2022 00:00	114.449	114.99	114.328	114.965	0		
04/02/2022 00:00	114.967	115.43	114.77	115.249	0		
07/02/2022 00:00	115.297	115.379	114.91	115.105	0		
08/02/2022 00:00	115.091	115.63	115.05	115.555	0		
09/02/2022 00:00	115.555	115.685	115.322	115.53	0		
10/02/2022 00:00	115.54	116.337	115.484	116.045	0		
11/02/2022 00:00	116.038	116.176	115.01	115.605	0		
14/02/2022 00:00	115.527	115.755	115.005	115.554	0		
15/02/2022 00:00	115.552	115.872	115.25	115.608	0		
16/02/2022 00:00	115.616	115.79	115.35	115.458	0		
17/02/2022 00:00	115.462	115.538	114.845	114.94	0		
18/02/2022 00:00	114.945	115.3	114.789	115.005	0		
21/02/2022 00:00	114.993	115.126	114.675	114.69	0		
22/02/2022 00:00	114.706	115.243	114.501	115.052	0		
23/02/2022 00:00	115.048	115.203	114.924	115.006	0		
24/02/2022 00:00	114.986	115.705	114.41	115.496	0		
25/02/2022 00:00	115.498	115.761	115.149	115.556	0		
28/02/2022 00:00	115.525	115.739	114.862	114.999	0		
01/03/2022 00:00	115	115.3	114.67	114.895	0		
02/03/2022 00:00	114.896	115.687	114.785	115.538	0		
03/03/2022 00:00	115.523	115.815	115.384	115.469	0		
04/03/2022 00:00	115.473	115.555	114.645	114.84	0		
07/03/2022 00:00	114.895	115.475	114.827	115.309	0		
08/03/2022 00:00	115.337	115.791	115.276	115.659	0		
09/03/2022 00:00	115.668	115.943	115.56	115.872	0		
10/03/2022 00:00	115.878	116.196	115.813	116.13	0		
11/03/2022 00:00	116.138	117.368	116.125	117.368	0		
14/03/2022 00:00	117.538	118.303	117.457	118.26	0		
15/03/2022 00:00	118.257	118.451	117.712	118.335	0		
16/03/2022 00:00	118.314	119.122	118.176	118.881	0		
17/03/2022 00:00	118.885	119.03	118.368	118.579	0		
18/03/2022 00:00	118.558	119.41	118.471	119.193	0		
21/03/2022 00:00	119.298	119.5	119.105	119.472	0		
22/03/2022 00:00	119.468	121.035	119.467	120.935	0		
23/03/2022 00:00	120.995	121.412	120.594	121.092	0		
24/03/2022 00:00	121.098	122.45	120.955	122.375	0		
25/03/2022 00:00	122.376	122.436	121.181	122.08	0		
28/03/2022 00:00	122.041	125.108	122.039	123.868	0		
29/03/2022 00:00	123.894	124.306	121.98	122.884	0		
30/03/2022 00:00	122.885	123.208	121.28	121.84	0		
31/03/2022 00:00	121.867	122.47	121.283	121.715	0		
01/04/2022 00:00	121.717	123.035	121.672	122.508	0		
04/04/2022 00:00	122.601	122.958	122.267	122.803	0		
05/04/2022 00:00	122.793	123.671	122.378	123.594	0		
06/04/2022 00:00	123.595	124.053	123.456	123.804	0		
07/04/2022 00:00	123.799	124.02	123.47	123.98	0		
08/04/2022 00:00	123.975	124.677	123.668	124.3	0		
11/04/2022 00:00	124.239	125.773	124.219	125.417	0		
12/04/2022 00:00	125.405	125.758	124.455	125.385	0		
13/04/2022 00:00	125.397	126.313	124.61	125.685	0		
14/04/2022 00:00	125.691	126.014	125.083	125.894	0		
19/04/2022 00:00	125.895	128.975	125.894	128.927	0		
20/04/2022 00:00	128.928	129.406	127.455	127.949	0		
21/04/2022 00:00	127.945	128.705	127.805	128.365	0		
22/04/2022 00:00	128.365	129.115	127.738	128.472	0		
25/04/2022 00:00	128.536	128.863	127.524	128.154	0		
26/04/2022 00:00	128.147	128.235	127.028	127.211	0		
27/04/2022 00:00	127.21	128.59	126.948	128.463	0		
28/04/2022 00:00	128.46	131.255	128.341	130.867	0		
29/04/2022 00:00	130.864	130.959	129.316	129.787	0		
03/05/2022 00:00	129.883	130.295	129.703	130.126	0		
04/05/2022 00:00	130.133	130.38	128.63	129.173	0		
05/05/2022 00:00	129.182	130.558	128.755	130.22	0		
06/05/2022 00:00	130.212	130.809	130.096	130.568	0		
09/05/2022 00:00	130.56	131.342	130.119	130.369	0		
10/05/2022 00:00	130.371	130.578	129.8	130.215	0		
11/05/2022 00:00	130.371	130.815	129.452	129.965	0		
12/05/2022 00:00	129.968	130.056	127.52	128.402	0		
13/05/2022 00:00	128.417	129.454	128.35	129.26	0		
16/05/2022 00:00	129.405	129.645	128.701	129.072	0		
17/05/2022 00:00	129.075	129.782	128.831	129.385	0		
18/05/2022 00:00	129.373	129.538	128.01	128.301	0		
19/05/2022 00:00	128.305	128.946	127.025	127.838	0		
20/05/2022 00:00	127.77	128.298	127.53	127.935	0		
23/05/2022 00:00	127.843	128.062	127.155	127.9	0		
24/05/2022 00:00	127.9	128.08	126.362	126.852	0		
25/05/2022 00:00	126.844	127.497	126.655	127.284	0		
26/05/2022 00:00	127.255	127.582	126.555	127.119	0		
27/05/2022 00:00	127.105	127.253	126.675	127.095	0		
30/05/2022 00:00	127.12	127.828	126.862	127.614	0		
31/05/2022 00:00	127.629	128.892	127.525	128.695	0		
01/06/2022 00:00	128.695	130.2	128.645	130.146	0		
06/06/2022 00:00	130.144	132.013	129.888	131.902	0		
07/06/2022 00:00	131.91	133.005	131.898	132.621	0		
08/06/2022 00:00	132.636	134.475	132.597	134.235	0		
09/06/2022 00:00	134.239	134.557	133.187	134.376	0		
10/06/2022 00:00	134.384	134.486	133.362	134.399	0		
13/06/2022 00:00	134.422	135.207	133.594	134.421	0		
14/06/2022 00:00	134.418	135.485	133.873	135.471	0		
15/06/2022 00:00	135.481	135.595	133.505	133.855	0		
16/06/2022 00:00	133.865	134.68	131.494	132.269	0		
17/06/2022 00:00	132.264	135.425	132.178	134.975	0		
20/06/2022 00:00	135.054	135.445	134.555	135.076	0		
21/06/2022 00:00	135.088	136.74	134.925	136.664	0		
22/06/2022 00:00	136.671	136.718	135.675	136.162	0		
23/06/2022 00:00	136.152	136.198	134.268	134.942	0		
24/06/2022 00:00	134.953	135.399	134.354	135.211	0		
27/06/2022 00:00	135.177	135.549	134.522	135.462	0		
28/06/2022 00:00	135.463	136.385	135.112	136.151	0		
29/06/2022 00:00	136.149	137.001	135.797	136.558	0		
30/06/2022 00:00	136.56	136.815	135.545	135.735	0		
01/07/2022 00:00	135.745	136.03	134.746	135.23	0		
04/07/2022 00:00	135.298	135.776	134.787	135.69	0		
05/07/2022 00:00	135.694	136.364	135.528	135.852	0		
06/07/2022 00:00	135.848	136.007	134.955	135.929	0		
07/07/2022 00:00	135.932	136.223	135.55	136.033	0		
08/07/2022 00:00	136.027	136.568	135.338	136.115	0		
11/07/2022 00:00	136.126	137.751	136.106	137.436	0		
12/07/2022 00:00	137.438	137.535	136.478	136.835	0		
13/07/2022 00:00	136.843	137.868	136.695	137.42	0		
14/07/2022 00:00	137.426	139.392	137.325	138.973	0		
15/07/2022 00:00	138.986	139.128	138.39	138.535	0		
18/07/2022 00:00	138.573	138.612	137.892	138.138	0		
19/07/2022 00:00	138.127	138.395	137.382	138.18	0		
20/07/2022 00:00	138.182	138.375	137.903	138.251	0		
21/07/2022 00:00	138.252	138.878	137.3	137.376	0		
22/07/2022 00:00	137.381	137.956	135.57	136.27	0		
25/07/2022 00:00	136.25	136.795	135.89	136.658	0		
26/07/2022 00:00	136.677	136.97	136.279	136.917	0		
27/07/2022 00:00	136.914	137.466	136.324	136.578	0		
28/07/2022 00:00	136.58	136.698	134.202	134.296	0		
29/07/2022 00:00	134.338	134.677	132.508	133.245	0		
01/08/2022 00:00	133.219	133.562	131.603	131.655	0		
02/08/2022 00:00	131.655	133.215	130.4	133.171	0		
03/08/2022 00:00	133.173	134.548	132.287	133.839	0		
04/08/2022 00:00	133.845	134.424	132.764	132.985	0		
05/08/2022 00:00	133.013	135.52	132.524	135.018	0		
08/08/2022 00:00	135.042	135.585	134.363	135.005	0		
09/08/2022 00:00	134.996	135.205	134.665	135.138	0		
10/08/2022 00:00	135.12	135.304	132.025	132.876	0		
11/08/2022 00:00	132.882	133.313	131.735	133.02	0		
12/08/2022 00:00	133.012	133.895	132.884	133.445	0		
15/08/2022 00:00	133.491	133.597	132.557	133.288	0		
16/08/2022 00:00	133.288	134.681	132.954	134.227	0		
17/08/2022 00:00	134.224	135.5	133.908	135.112	0		
18/08/2022 00:00	135.108	135.905	134.652	135.878	0		
19/08/2022 00:00	135.879	137.231	135.72	136.862	0		
22/08/2022 00:00	136.85	137.649	136.7	137.496	0		
23/08/2022 00:00	137.502	137.711	135.81	136.751	0		
24/08/2022 00:00	136.74	137.248	136.176	137.108	0		
25/08/2022 00:00	137.113	137.202	136.32	136.495	0		
26/08/2022 00:00	136.49	137.764	136.213	137.665	0		
30/08/2022 00:00	137.59	139.069	138.053	138.76	0		
31/08/2022 00:00	138.769	139.05	138.275	139.045	0		
01/09/2022 00:00	139.04	140.24	139.023	140.227	0		
02/09/2022 00:00	140.229	140.85	139.873	140.215	0		
05/09/2022 00:00	140.16	140.665	140.12	140.585	0		
06/09/2022 00:00	140.587	143.075	140.252	142.777	0		
07/09/2022 00:00	142.773	145.03	142.763	143.744	0		
08/09/2022 00:00	143.747	144.558	143.32	144.115	0		
09/09/2022 00:00	144.111	144.119	141.503	142.505	0		
12/09/2022 00:00	142.435	143.495	142.162	142.819	0		
13/09/2022 00:00	142.816	144.682	141.655	144.58	0		
14/09/2022 00:00	144.67	144.961	142.552	143.134	0		
15/09/2022 00:00	143.135	143.81	142.776	143.484	0		
16/09/2022 00:00	143.483	143.695	142.838	142.926	0		
19/09/2022 00:00	142.947	143.645	142.645	143.23	0		
20/09/2022 00:00	143.231	143.924	142.942	143.729	0		
21/09/2022 00:00	143.722	144.702	143.345	144.126	0		
22/09/2022 00:00	144.126	145.899	140.35	142.367	0		
23/09/2022 00:00	142.36	143.464	141.765	143.343	0		
26/09/2022 00:00	143.55	144.79	143.275	144.699	0		
27/09/2022 00:00	144.696	144.915	144.055	144.802	0		
28/09/2022 00:00	144.799	144.872	143.91	144.125	0		
29/09/2022 00:00	144.127	145.191	144.084	144.461	0		
30/09/2022 00:00	144.472	144.815	144.205	144.739	0		
03/10/2022 00:00	144.715	145.321	144.155	144.568	0		
04/10/2022 00:00	144.605	144.935	143.893	144.194	0		
05/10/2022 00:00	144.214	144.846	143.53	144.615	0		
06/10/2022 00:00	144.623	145.525	144.387	145.107	0		
07/10/2022 00:00	145.099	145.693	144.721	145.693	0		
10/10/2022 00:00	145.355	145.85	145.236	145.725	0		
11/10/2022 00:00	145.717	145.9	145.427	145.807	0		
12/10/2022 00:00	145.808	146.971	145.695	146.872	0		
13/10/2022 00:00	146.882	147.675	146.462	147.194	0		
14/10/2022 00:00	147.198	148.885	147.092	148.77	0		
17/10/2022 00:00	148.46	149.088	148.43	148.975	0		
18/10/2022 00:00	148.974	149.39	148.149	149.205	0		
19/10/2022 00:00	149.199	149.915	149.103	149.853	0		
20/10/2022 00:00	149.852	150.286	149.555	150.109	0		
21/10/2022 00:00	150.082	151.945	146.15	147.655	0		
24/10/2022 00:00	148.102	149.699	145.45	149.055	0		
25/10/2022 00:00	149.044	149.1	147.518	148.012	0		
26/10/2022 00:00	148.044	148.413	146.222	146.374	0		
27/10/2022 00:00	146.378	146.938	145.144	146.284	0		
28/10/2022 00:00	146.286	147.862	145.993	147.455	0		
31/10/2022 00:00	147.68	148.86	147.62	148.622	0		
01/11/2022 00:00	148.656	148.825	146.985	148.184	0		
02/11/2022 00:00	148.21	148.21	145.665	147.903	0		
03/11/2022 00:00	147.984	148.451	147.112	148.178	0		
04/11/2022 00:00	148.204	148.405	146.555	146.61	0		
07/11/2022 00:00	146.972	147.57	146.085	146.601	0		
08/11/2022 00:00	146.604	146.935	145.312	145.672	0		
09/11/2022 00:00	145.685	146.796	145.177	146.441	0		
10/11/2022 00:00	146.447	146.595	140.205	141.575	0		
11/11/2022 00:00	141.719	142.481	138.468	138.801	0		
14/11/2022 00:00	139.75	140.798	138.805	139.941	0		
15/11/2022 00:00	140.004	140.65	137.679	139.3	0		
16/11/2022 00:00	139.308	140.295	138.73	139.528	0		
17/11/2022 00:00	139.527	140.745	138.88	140.222	0		
18/11/2022 00:00	140.255	140.502	139.635	140.348	0		
21/11/2022 00:00	140.255	142.256	139.635	142.118	0		
22/11/2022 00:00	142.112	142.245	141.082	141.197	0		
23/11/2022 00:00	141.201	141.612	139.172	139.584	0		
24/11/2022 00:00	139.588	139.594	138.065	138.62	0		
25/11/2022 00:00	138.602	139.597	138.378	139.153	0		
28/11/2022 00:00	139.285	139.423	137.495	138.882	0		
29/11/2022 00:00	138.912	139.395	137.868	138.673	0		
30/11/2022 00:00	138.67	139.896	137.653	138.104	0		
01/12/2022 00:00	138.095	138.095	135.205	135.314	0		
02/12/2022 00:00	135.32	135.98	133.624	134.313	0		
05/12/2022 00:00	134.355	136.861	134.136	136.723	0		
06/12/2022 00:00	136.727	137.426	135.963	136.99	0		
07/12/2022 00:00	136.991	137.858	136.22	136.56	0		
08/12/2022 00:00	136.556	137.246	136.248	136.658	0		
09/12/2022 00:00	136.644	136.905	135.605	136.435	0		
12/12/2022 00:00	136.653	137.855	136.53	137.632	0		
13/12/2022 00:00	137.636	137.972	134.662	135.512	0		
14/12/2022 00:00	135.488	135.994	134.516	135.449	0		
15/12/2022 00:00	135.438	138.175	135.24	137.757	0		
16/12/2022 00:00	137.752	137.796	136.295	136.51	0		
19/12/2022 00:00	136.175	137.185	135.753	136.839	0		
20/12/2022 00:00	136.872	137.477	130.581	131.761	0		
21/12/2022 00:00	131.715	132.53	131.5	132.385	0		
22/12/2022 00:00	132.357	132.725	131.644	132.355	0		
23/12/2022 00:00	132.373	133.141	132.159	132.913	0		
28/12/2022 00:00	132.819	134.501	133.402	134.361	0		
29/12/2022 00:00	134.367	134.384	132.875	133.027	0		
30/12/2022 00:00	133.035	133.096	130.774	131.13	0		
02/01/2023 00:00	130.827	131.06	130.623	130.785	0		
03/01/2023 00:00	130.76	131.411	129.516	131.017	0		
04/01/2023 00:00	131.013	132.725	129.929	132.487	0		
05/01/2023 00:00	132.463	134.056	131.683	133.421	0		
06/01/2023 00:00	133.42	134.773	131.998	132.078	0		
09/01/2023 00:00	132.107	132.658	131.308	131.899	0		
10/01/2023 00:00	131.894	132.48	131.389	132.223	0		
11/01/2023 00:00	132.226	132.875	132.065	132.46	0		
12/01/2023 00:00	132.451	132.452	128.868	129.346	0		
13/01/2023 00:00	129.307	129.432	127.462	127.892	0		
16/01/2023 00:00	127.81	128.868	127.222	128.441	0		
17/01/2023 00:00	128.463	129.158	127.992	128.228	0		
18/01/2023 00:00	128.226	131.58	127.568	128.805	0		
19/01/2023 00:00	128.761	128.851	127.764	128.422	0		
20/01/2023 00:00	128.421	130.61	128.355	129.598	0		
23/01/2023 00:00	129.625	130.892	129.044	130.613	0		
24/01/2023 00:00	130.606	131.115	129.729	130.2	0		
25/01/2023 00:00	130.184	130.587	129.27	129.51	0		
26/01/2023 00:00	129.519	130.62	129.025	130.207	0		
27/01/2023 00:00	130.176	130.275	129.501	129.865	0		
30/01/2023 00:00	129.81	130.615	129.205	130.363	0		
31/01/2023 00:00	130.368	130.534	129.746	130.097	0		
01/02/2023 00:00	130.089	130.408	128.536	128.932	0		
02/02/2023 00:00	128.928	129.141	128.085	128.655	0		
03/02/2023 00:00	128.65	131.215	128.331	131.2	0		
06/02/2023 00:00	131.2	132.904	131.516	132.613	0		
07/02/2023 00:00	132.627	132.72	130.476	131.08	0		
08/02/2023 00:00	131.081	131.536	130.596	131.358	0		
09/02/2023 00:00	131.372	131.827	130.345	131.495	0		
10/02/2023 00:00	131.465	131.883	129.809	131.333	0		
13/02/2023 00:00	131.45	132.91	131.422	132.428	0		
14/02/2023 00:00	132.433	133.314	131.507	133.072	0		
15/02/2023 00:00	133.076	134.362	132.546	133.984	0		
16/02/2023 00:00	133.978	134.505	133.606	133.974	0		
17/02/2023 00:00	133.968	135.125	133.968	134.11	0		
20/02/2023 00:00	134.268	134.54	133.928	134.258	0		
21/02/2023 00:00	134.266	135.228	134.152	134.955	0		
22/02/2023 00:00	134.939	135.062	134.368	134.897	0		
23/02/2023 00:00	134.89	135.366	134.47	134.705	0		
24/02/2023 00:00	134.683	136.523	134.055	136.48	0		
27/02/2023 00:00	136.372	136.527	135.918	136.235	0		
28/02/2023 00:00	136.201	136.93	135.74	136.212	0		
01/03/2023 00:00	136.223	136.475	135.255	136.141	0		
02/03/2023 00:00	136.123	137.105	136.022	136.732	0		
03/03/2023 00:00	136.728	136.775	135.745	135.868	0		
06/03/2023 00:00	135.91	136.195	135.368	135.932	0		
07/03/2023 00:00	135.935	137.195	135.542	137.116	0		
08/03/2023 00:00	137.111	137.915	136.482	137.301	0		
09/03/2023 00:00	137.301	137.301	135.949	136.164	0		
10/03/2023 00:00	136.167	136.994	134.115	135.02	0		
13/03/2023 00:00	134.345	135.035	132.285	133.167	0		
14/03/2023 00:00	133.198	134.902	133.03	134.233	0		
15/03/2023 00:00	134.219	135.116	132.217	133.307	0		
16/03/2023 00:00	133.28	133.855	131.721	133.569	0		
17/03/2023 00:00	133.549	133.586	131.554	131.878	0		
20/03/2023 00:00	132.148	132.65	130.542	131.395	0		
21/03/2023 00:00	131.413	132.629	131.033	132.384	0		
22/03/2023 00:00	132.383	133.002	131.005	131.424	0		
23/03/2023 00:00	131.453	131.665	130.323	130.82	0		
24/03/2023 00:00	130.824	130.943	129.642	130.725	0		
27/03/2023 00:00	130.578	131.775	130.502	131.557	0		
28/03/2023 00:00	131.563	131.573	130.405	130.908	0		
29/03/2023 00:00	130.881	132.91	130.76	132.75	0		
30/03/2023 00:00	132.765	132.969	132.209	132.711	0		
31/03/2023 00:00	132.697	133.595	132.588	132.775	0		
03/04/2023 00:00	133.335	133.757	132.206	132.426	0		
04/04/2023 00:00	132.436	133.172	131.523	131.705	0		
05/04/2023 00:00	131.706	131.846	130.629	131.312	0		
06/04/2023 00:00	131.306	131.905	130.779	131.73	0		
